*semi-major-axis 19.19126 float
*start-date 2018-08-01 string
 2018-Aug-01 00:00 02 01 10.21 +11 45 16.4
 2018-Aug-02 00:00 02 01 11.38 +11 45 21.3
 2018-Aug-03 00:00 02 01 12.35 +11 45 25.2
 2018-Aug-04 00:00 02 01 13.14 +11 45 28.1
 2018-Aug-05 00:00 02 01 13.74 +11 45 30.0
 2018-Aug-06 00:00 02 01 14.15 +11 45 30.8
 2018-Aug-07 00:00 02 01 14.37 +11 45 30.7
 2018-Aug-08 00:00 02 01 14.40 +11 45 29.5
 2018-Aug-09 00:00 02 01 14.24 +11 45 27.3
 2018-Aug-10 00:00 02 01 13.89 +11 45 24.1
 2018-Aug-11 00:00 02 01 13.35 +11 45 19.9
 2018-Aug-12 00:00 02 01 12.63 +11 45 14.7
 2018-Aug-13 00:00 02 01 11.71 +11 45 08.5
 2018-Aug-14 00:00 02 01 10.60 +11 45 01.2
 2018-Aug-15 00:00 02 01 09.31 +11 44 53.0
 2018-Aug-16 00:00 02 01 07.83 +11 44 43.8
 2018-Aug-17 00:00 02 01 06.17 +11 44 33.6
 2018-Aug-18 00:00 02 01 04.32 +11 44 22.4
 2018-Aug-19 00:00 02 01 02.29 +11 44 10.2
 2018-Aug-20 00:00 02 01 00.07 +11 43 57.0
 2018-Aug-21 00:00 02 00 57.68 +11 43 42.9
 2018-Aug-22 00:00 02 00 55.10 +11 43 27.8
 2018-Aug-23 00:00 02 00 52.34 +11 43 11.8
 2018-Aug-24 00:00 02 00 49.41 +11 42 54.8
 2018-Aug-25 00:00 02 00 46.30 +11 42 36.9
 2018-Aug-26 00:00 02 00 43.01 +11 42 18.0
 2018-Aug-27 00:00 02 00 39.54 +11 41 58.2
 2018-Aug-28 00:00 02 00 35.91 +11 41 37.5
 2018-Aug-29 00:00 02 00 32.10 +11 41 15.9
 2018-Aug-30 00:00 02 00 28.12 +11 40 53.4
 2018-Aug-31 00:00 02 00 23.97 +11 40 29.9
 2018-Sep-01 00:00 02 00 19.65 +11 40 05.6
 2018-Sep-02 00:00 02 00 15.17 +11 39 40.4
 2018-Sep-03 00:00 02 00 10.52 +11 39 14.3
 2018-Sep-04 00:00 02 00 05.70 +11 38 47.3
 2018-Sep-05 00:00 02 00 00.72 +11 38 19.5
 2018-Sep-06 00:00 01 59 55.59 +11 37 50.8
 2018-Sep-07 00:00 01 59 50.29 +11 37 21.3
 2018-Sep-08 00:00 01 59 44.84 +11 36 51.0
 2018-Sep-09 00:00 01 59 39.23 +11 36 19.8
 2018-Sep-10 00:00 01 59 33.47 +11 35 47.8
 2018-Sep-11 00:00 01 59 27.56 +11 35 15.0
 2018-Sep-12 00:00 01 59 21.50 +11 34 41.5
 2018-Sep-13 00:00 01 59 15.30 +11 34 07.1
 2018-Sep-14 00:00 01 59 08.96 +11 33 32.0
 2018-Sep-15 00:00 01 59 02.48 +11 32 56.2
 2018-Sep-16 00:00 01 58 55.86 +11 32 19.7
 2018-Sep-17 00:00 01 58 49.11 +11 31 42.4
 2018-Sep-18 00:00 01 58 42.22 +11 31 04.4
 2018-Sep-19 00:00 01 58 35.21 +11 30 25.8
 2018-Sep-20 00:00 01 58 28.08 +11 29 46.5
 2018-Sep-21 00:00 01 58 20.82 +11 29 06.5
 2018-Sep-22 00:00 01 58 13.44 +11 28 26.0
 2018-Sep-23 00:00 01 58 05.95 +11 27 44.7
 2018-Sep-24 00:00 01 57 58.34 +11 27 02.9
 2018-Sep-25 00:00 01 57 50.63 +11 26 20.5
 2018-Sep-26 00:00 01 57 42.80 +11 25 37.6
 2018-Sep-27 00:00 01 57 34.87 +11 24 54.1
 2018-Sep-28 00:00 01 57 26.84 +11 24 10.0
 2018-Sep-29 00:00 01 57 18.72 +11 23 25.4
 2018-Sep-30 00:00 01 57 10.49 +11 22 40.4
 2018-Oct-01 00:00 01 57 02.18 +11 21 54.8
 2018-Oct-02 00:00 01 56 53.77 +11 21 08.7
 2018-Oct-03 00:00 01 56 45.28 +11 20 22.2
 2018-Oct-04 00:00 01 56 36.71 +11 19 35.3
 2018-Oct-05 00:00 01 56 28.05 +11 18 48.0
 2018-Oct-06 00:00 01 56 19.33 +11 18 00.2
 2018-Oct-07 00:00 01 56 10.53 +11 17 12.1
 2018-Oct-08 00:00 01 56 01.66 +11 16 23.6
 2018-Oct-09 00:00 01 55 52.73 +11 15 34.8
 2018-Oct-10 00:00 01 55 43.74 +11 14 45.6
 2018-Oct-11 00:00 01 55 34.70 +11 13 56.2
 2018-Oct-12 00:00 01 55 25.60 +11 13 06.5
 2018-Oct-13 00:00 01 55 16.46 +11 12 16.6
 2018-Oct-14 00:00 01 55 07.28 +11 11 26.4
 2018-Oct-15 00:00 01 54 58.05 +11 10 36.0
 2018-Oct-16 00:00 01 54 48.79 +11 09 45.4
 2018-Oct-17 00:00 01 54 39.50 +11 08 54.7
 2018-Oct-18 00:00 01 54 30.18 +11 08 03.9
 2018-Oct-19 00:00 01 54 20.84 +11 07 12.9
 2018-Oct-20 00:00 01 54 11.48 +11 06 21.8
 2018-Oct-21 00:00 01 54 02.11 +11 05 30.7
 2018-Oct-22 00:00 01 53 52.72 +11 04 39.5
 2018-Oct-23 00:00 01 53 43.33 +11 03 48.3
 2018-Oct-24 00:00 01 53 33.93 +11 02 57.1
 2018-Oct-25 00:00 01 53 24.54 +11 02 05.9
 2018-Oct-26 00:00 01 53 15.14 +11 01 14.7
 2018-Oct-27 00:00 01 53 05.76 +11 00 23.6
 2018-Oct-28 00:00 01 52 56.39 +10 59 32.6
 2018-Oct-29 00:00 01 52 47.03 +10 58 41.6
 2018-Oct-30 00:00 01 52 37.69 +10 57 50.8
 2018-Oct-31 00:00 01 52 28.38 +10 57 00.1
 2018-Nov-01 00:00 01 52 19.09 +10 56 09.6
 2018-Nov-02 00:00 01 52 09.84 +10 55 19.3
 2018-Nov-03 00:00 01 52 00.62 +10 54 29.2
 2018-Nov-04 00:00 01 51 51.44 +10 53 39.3
 2018-Nov-05 00:00 01 51 42.30 +10 52 49.6
 2018-Nov-06 00:00 01 51 33.22 +10 52 00.3
 2018-Nov-07 00:00 01 51 24.18 +10 51 11.2
 2018-Nov-08 00:00 01 51 15.20 +10 50 22.5
 2018-Nov-09 00:00 01 51 06.29 +10 49 34.1
 2018-Nov-10 00:00 01 50 57.44 +10 48 46.1
 2018-Nov-11 00:00 01 50 48.65 +10 47 58.5
 2018-Nov-12 00:00 01 50 39.95 +10 47 11.2
 2018-Nov-13 00:00 01 50 31.31 +10 46 24.5
 2018-Nov-14 00:00 01 50 22.76 +10 45 38.2
 2018-Nov-15 00:00 01 50 14.30 +10 44 52.4
 2018-Nov-16 00:00 01 50 05.92 +10 44 07.0
 2018-Nov-17 00:00 01 49 57.63 +10 43 22.2
 2018-Nov-18 00:00 01 49 49.44 +10 42 38.0
 2018-Nov-19 00:00 01 49 41.35 +10 41 54.3
 2018-Nov-20 00:00 01 49 33.36 +10 41 11.2
 2018-Nov-21 00:00 01 49 25.48 +10 40 28.7
 2018-Nov-22 00:00 01 49 17.70 +10 39 46.8
 2018-Nov-23 00:00 01 49 10.04 +10 39 05.6
 2018-Nov-24 00:00 01 49 02.49 +10 38 25.0
 2018-Nov-25 00:00 01 48 55.05 +10 37 45.0
 2018-Nov-26 00:00 01 48 47.74 +10 37 05.8
 2018-Nov-27 00:00 01 48 40.56 +10 36 27.3
 2018-Nov-28 00:00 01 48 33.50 +10 35 49.5
 2018-Nov-29 00:00 01 48 26.57 +10 35 12.4
 2018-Nov-30 00:00 01 48 19.77 +10 34 36.1
 2018-Dec-01 00:00 01 48 13.11 +10 34 00.5
 2018-Dec-02 00:00 01 48 06.59 +10 33 25.8
 2018-Dec-03 00:00 01 48 00.21 +10 32 51.8
 2018-Dec-04 00:00 01 47 53.98 +10 32 18.7
 2018-Dec-05 00:00 01 47 47.90 +10 31 46.5
 2018-Dec-06 00:00 01 47 41.96 +10 31 15.0
 2018-Dec-07 00:00 01 47 36.19 +10 30 44.5
 2018-Dec-08 00:00 01 47 30.57 +10 30 14.8
 2018-Dec-09 00:00 01 47 25.11 +10 29 46.1
 2018-Dec-10 00:00 01 47 19.81 +10 29 18.3
 2018-Dec-11 00:00 01 47 14.67 +10 28 51.4
 2018-Dec-12 00:00 01 47 09.70 +10 28 25.4
 2018-Dec-13 00:00 01 47 04.90 +10 28 00.5
 2018-Dec-14 00:00 01 47 00.28 +10 27 36.4
 2018-Dec-15 00:00 01 46 55.82 +10 27 13.4
 2018-Dec-16 00:00 01 46 51.54 +10 26 51.4
 2018-Dec-17 00:00 01 46 47.44 +10 26 30.3
 2018-Dec-18 00:00 01 46 43.51 +10 26 10.3
 2018-Dec-19 00:00 01 46 39.76 +10 25 51.3
 2018-Dec-20 00:00 01 46 36.19 +10 25 33.3
 2018-Dec-21 00:00 01 46 32.81 +10 25 16.3
 2018-Dec-22 00:00 01 46 29.61 +10 25 00.4
 2018-Dec-23 00:00 01 46 26.59 +10 24 45.6
 2018-Dec-24 00:00 01 46 23.76 +10 24 31.7
 2018-Dec-25 00:00 01 46 21.12 +10 24 19.0
 2018-Dec-26 00:00 01 46 18.66 +10 24 07.3
 2018-Dec-27 00:00 01 46 16.40 +10 23 56.7
 2018-Dec-28 00:00 01 46 14.32 +10 23 47.2
 2018-Dec-29 00:00 01 46 12.44 +10 23 38.7
 2018-Dec-30 00:00 01 46 10.75 +10 23 31.4
 2018-Dec-31 00:00 01 46 09.26 +10 23 25.1
 2019-Jan-01 00:00 01 46 07.96 +10 23 19.9
 2019-Jan-02 00:00 01 46 06.85 +10 23 15.9
 2019-Jan-03 00:00 01 46 05.95 +10 23 13.0
 2019-Jan-04 00:00 01 46 05.24 +10 23 11.1
 2019-Jan-05 00:00 01 46 04.73 +10 23 10.4
 2019-Jan-06 00:00 01 46 04.42 +10 23 10.9
 2019-Jan-07 00:00 01 46 04.31 +10 23 12.4
 2019-Jan-08 00:00 01 46 04.40 +10 23 15.1
 2019-Jan-09 00:00 01 46 04.69 +10 23 18.9
 2019-Jan-10 00:00 01 46 05.17 +10 23 23.8
 2019-Jan-11 00:00 01 46 05.86 +10 23 29.9
 2019-Jan-12 00:00 01 46 06.75 +10 23 37.1
 2019-Jan-13 00:00 01 46 07.84 +10 23 45.4
 2019-Jan-14 00:00 01 46 09.13 +10 23 54.8
 2019-Jan-15 00:00 01 46 10.62 +10 24 05.3
 2019-Jan-16 00:00 01 46 12.31 +10 24 17.0
 2019-Jan-17 00:00 01 46 14.19 +10 24 29.8
 2019-Jan-18 00:00 01 46 16.28 +10 24 43.7
 2019-Jan-19 00:00 01 46 18.56 +10 24 58.6
 2019-Jan-20 00:00 01 46 21.03 +10 25 14.7
 2019-Jan-21 00:00 01 46 23.70 +10 25 31.9
 2019-Jan-22 00:00 01 46 26.57 +10 25 50.2
 2019-Jan-23 00:00 01 46 29.63 +10 26 09.5
 2019-Jan-24 00:00 01 46 32.89 +10 26 29.9
 2019-Jan-25 00:00 01 46 36.33 +10 26 51.4
 2019-Jan-26 00:00 01 46 39.97 +10 27 14.0
 2019-Jan-27 00:00 01 46 43.81 +10 27 37.6
 2019-Jan-28 00:00 01 46 47.83 +10 28 02.3
 2019-Jan-29 00:00 01 46 52.05 +10 28 28.1
 2019-Jan-30 00:00 01 46 56.45 +10 28 54.9
 2019-Jan-31 00:00 01 47 01.04 +10 29 22.7
 2019-Feb-01 00:00 01 47 05.82 +10 29 51.6
 2019-Feb-02 00:00 01 47 10.79 +10 30 21.5
 2019-Feb-03 00:00 01 47 15.95 +10 30 52.4
 2019-Feb-04 00:00 01 47 21.28 +10 31 24.3
 2019-Feb-05 00:00 01 47 26.80 +10 31 57.3
 2019-Feb-06 00:00 01 47 32.51 +10 32 31.2
 2019-Feb-07 00:00 01 47 38.39 +10 33 06.1
 2019-Feb-08 00:00 01 47 44.45 +10 33 42.0
 2019-Feb-09 00:00 01 47 50.69 +10 34 18.9
 2019-Feb-10 00:00 01 47 57.10 +10 34 56.7
 2019-Feb-11 00:00 01 48 03.69 +10 35 35.5
 2019-Feb-12 00:00 01 48 10.44 +10 36 15.2
 2019-Feb-13 00:00 01 48 17.37 +10 36 55.9
 2019-Feb-14 00:00 01 48 24.46 +10 37 37.4
 2019-Feb-15 00:00 01 48 31.72 +10 38 19.8
 2019-Feb-16 00:00 01 48 39.15 +10 39 03.1
 2019-Feb-17 00:00 01 48 46.73 +10 39 47.3
 2019-Feb-18 00:00 01 48 54.48 +10 40 32.4
 2019-Feb-19 00:00 01 49 02.38 +10 41 18.3
 2019-Feb-20 00:00 01 49 10.44 +10 42 05.0
 2019-Feb-21 00:00 01 49 18.65 +10 42 52.5
 2019-Feb-22 00:00 01 49 27.02 +10 43 40.9
 2019-Feb-23 00:00 01 49 35.53 +10 44 30.1
 2019-Feb-24 00:00 01 49 44.20 +10 45 20.0
 2019-Feb-25 00:00 01 49 53.01 +10 46 10.7
 2019-Feb-26 00:00 01 50 01.97 +10 47 02.2
 2019-Feb-27 00:00 01 50 11.07 +10 47 54.5
 2019-Feb-28 00:00 01 50 20.31 +10 48 47.5
 2019-Mar-01 00:00 01 50 29.69 +10 49 41.2
 2019-Mar-02 00:00 01 50 39.21 +10 50 35.6
 2019-Mar-03 00:00 01 50 48.86 +10 51 30.8
 2019-Mar-04 00:00 01 50 58.65 +10 52 26.6
 2019-Mar-05 00:00 01 51 08.56 +10 53 23.1
 2019-Mar-06 00:00 01 51 18.61 +10 54 20.3
 2019-Mar-07 00:00 01 51 28.78 +10 55 18.1
 2019-Mar-08 00:00 01 51 39.07 +10 56 16.5
 2019-Mar-09 00:00 01 51 49.49 +10 57 15.6
 2019-Mar-10 00:00 01 52 00.02 +10 58 15.3
 2019-Mar-11 00:00 01 52 10.67 +10 59 15.5
 2019-Mar-12 00:00 01 52 21.43 +11 00 16.3
 2019-Mar-13 00:00 01 52 32.30 +11 01 17.7
 2019-Mar-14 00:00 01 52 43.28 +11 02 19.7
 2019-Mar-15 00:00 01 52 54.36 +11 03 22.1
 2019-Mar-16 00:00 01 53 05.55 +11 04 25.1
 2019-Mar-17 00:00 01 53 16.83 +11 05 28.5
 2019-Mar-18 00:00 01 53 28.21 +11 06 32.4
 2019-Mar-19 00:00 01 53 39.69 +11 07 36.8
 2019-Mar-20 00:00 01 53 51.26 +11 08 41.7
 2019-Mar-21 00:00 01 54 02.92 +11 09 46.9
 2019-Mar-22 00:00 01 54 14.67 +11 10 52.6
 2019-Mar-23 00:00 01 54 26.50 +11 11 58.7
 2019-Mar-24 00:00 01 54 38.42 +11 13 05.2
 2019-Mar-25 00:00 01 54 50.42 +11 14 12.1
 2019-Mar-26 00:00 01 55 02.50 +11 15 19.3
 2019-Mar-27 00:00 01 55 14.65 +11 16 26.9
 2019-Mar-28 00:00 01 55 26.88 +11 17 34.8
 2019-Mar-29 00:00 01 55 39.18 +11 18 43.1
 2019-Mar-30 00:00 01 55 51.54 +11 19 51.6
 2019-Mar-31 00:00 01 56 03.98 +11 21 00.5
 2019-Apr-01 00:00 01 56 16.47 +11 22 09.6
 2019-Apr-02 00:00 01 56 29.03 +11 23 19.0
 2019-Apr-03 00:00 01 56 41.65 +11 24 28.7
 2019-Apr-04 00:00 01 56 54.32 +11 25 38.5
 2019-Apr-05 00:00 01 57 07.04 +11 26 48.6
 2019-Apr-06 00:00 01 57 19.82 +11 27 58.9
 2019-Apr-07 00:00 01 57 32.64 +11 29 09.4
 2019-Apr-08 00:00 01 57 45.50 +11 30 20.1
 2019-Apr-09 00:00 01 57 58.41 +11 31 30.9
 2019-Apr-10 00:00 01 58 11.35 +11 32 41.8
 2019-Apr-11 00:00 01 58 24.33 +11 33 52.9
 2019-Apr-12 00:00 01 58 37.35 +11 35 04.1
 2019-Apr-13 00:00 01 58 50.39 +11 36 15.4
 2019-Apr-14 00:00 01 59 03.46 +11 37 26.7
 2019-Apr-15 00:00 01 59 16.56 +11 38 38.1
 2019-Apr-16 00:00 01 59 29.68 +11 39 49.6
 2019-Apr-17 00:00 01 59 42.82 +11 41 01.0
 2019-Apr-18 00:00 01 59 55.97 +11 42 12.5
 2019-Apr-19 00:00 02 00 09.14 +11 43 24.0
 2019-Apr-20 00:00 02 00 22.32 +11 44 35.5
 2019-Apr-21 00:00 02 00 35.52 +11 45 47.0
 2019-Apr-22 00:00 02 00 48.72 +11 46 58.5
 2019-Apr-23 00:00 02 01 01.92 +11 48 09.8
 2019-Apr-24 00:00 02 01 15.13 +11 49 21.2
 2019-Apr-25 00:00 02 01 28.34 +11 50 32.4
 2019-Apr-26 00:00 02 01 41.55 +11 51 43.6
 2019-Apr-27 00:00 02 01 54.75 +11 52 54.7
 2019-Apr-28 00:00 02 02 07.95 +11 54 05.7
 2019-Apr-29 00:00 02 02 21.13 +11 55 16.5
 2019-Apr-30 00:00 02 02 34.30 +11 56 27.2
 2019-May-01 00:00 02 02 47.46 +11 57 37.7
 2019-May-02 00:00 02 03 00.60 +11 58 48.1
 2019-May-03 00:00 02 03 13.72 +11 59 58.3
 2019-May-04 00:00 02 03 26.82 +12 01 08.3
 2019-May-05 00:00 02 03 39.88 +12 02 18.0
 2019-May-06 00:00 02 03 52.92 +12 03 27.6
 2019-May-07 00:00 02 04 05.93 +12 04 36.9
 2019-May-08 00:00 02 04 18.90 +12 05 45.9
 2019-May-09 00:00 02 04 31.84 +12 06 54.7
 2019-May-10 00:00 02 04 44.73 +12 08 03.2
 2019-May-11 00:00 02 04 57.59 +12 09 11.4
 2019-May-12 00:00 02 05 10.39 +12 10 19.3
 2019-May-13 00:00 02 05 23.15 +12 11 26.8
 2019-May-14 00:00 02 05 35.86 +12 12 34.1
 2019-May-15 00:00 02 05 48.52 +12 13 40.9
 2019-May-16 00:00 02 06 01.12 +12 14 47.4
 2019-May-17 00:00 02 06 13.67 +12 15 53.6
 2019-May-18 00:00 02 06 26.15 +12 16 59.3
 2019-May-19 00:00 02 06 38.58 +12 18 04.7
 2019-May-20 00:00 02 06 50.94 +12 19 09.7
 2019-May-21 00:00 02 07 03.23 +12 20 14.2
 2019-May-22 00:00 02 07 15.46 +12 21 18.3
 2019-May-23 00:00 02 07 27.62 +12 22 22.0
 2019-May-24 00:00 02 07 39.70 +12 23 25.2
 2019-May-25 00:00 02 07 51.71 +12 24 28.0
 2019-May-26 00:00 02 08 03.64 +12 25 30.3
 2019-May-27 00:00 02 08 15.49 +12 26 32.1
 2019-May-28 00:00 02 08 27.26 +12 27 33.4
 2019-May-29 00:00 02 08 38.94 +12 28 34.2
 2019-May-30 00:00 02 08 50.54 +12 29 34.5
 2019-May-31 00:00 02 09 02.04 +12 30 34.3
 2019-Jun-01 00:00 02 09 13.46 +12 31 33.5
 2019-Jun-02 00:00 02 09 24.77 +12 32 32.2
 2019-Jun-03 00:00 02 09 35.99 +12 33 30.3
 2019-Jun-04 00:00 02 09 47.12 +12 34 27.8
 2019-Jun-05 00:00 02 09 58.13 +12 35 24.8
 2019-Jun-06 00:00 02 10 09.05 +12 36 21.1
 2019-Jun-07 00:00 02 10 19.85 +12 37 16.8
 2019-Jun-08 00:00 02 10 30.55 +12 38 11.9
 2019-Jun-09 00:00 02 10 41.13 +12 39 06.4
 2019-Jun-10 00:00 02 10 51.61 +12 40 00.2
 2019-Jun-11 00:00 02 11 01.96 +12 40 53.4
 2019-Jun-12 00:00 02 11 12.20 +12 41 45.9
 2019-Jun-13 00:00 02 11 22.32 +12 42 37.7
 2019-Jun-14 00:00 02 11 32.31 +12 43 28.9
 2019-Jun-15 00:00 02 11 42.19 +12 44 19.3
 2019-Jun-16 00:00 02 11 51.94 +12 45 09.1
 2019-Jun-17 00:00 02 12 01.56 +12 45 58.1
 2019-Jun-18 00:00 02 12 11.05 +12 46 46.5
 2019-Jun-19 00:00 02 12 20.41 +12 47 34.1
 2019-Jun-20 00:00 02 12 29.64 +12 48 21.0
 2019-Jun-21 00:00 02 12 38.74 +12 49 07.2
 2019-Jun-22 00:00 02 12 47.70 +12 49 52.6
 2019-Jun-23 00:00 02 12 56.52 +12 50 37.3
 2019-Jun-24 00:00 02 13 05.20 +12 51 21.2
 2019-Jun-25 00:00 02 13 13.74 +12 52 04.3
 2019-Jun-26 00:00 02 13 22.13 +12 52 46.7
 2019-Jun-27 00:00 02 13 30.38 +12 53 28.3
 2019-Jun-28 00:00 02 13 38.48 +12 54 09.1
 2019-Jun-29 00:00 02 13 46.43 +12 54 49.0
 2019-Jun-30 00:00 02 13 54.23 +12 55 28.2
 2019-Jul-01 00:00 02 14 01.87 +12 56 06.5
 2019-Jul-02 00:00 02 14 09.36 +12 56 44.0
 2019-Jul-03 00:00 02 14 16.69 +12 57 20.7
 2019-Jul-04 00:00 02 14 23.86 +12 57 56.5
 2019-Jul-05 00:00 02 14 30.87 +12 58 31.5
 2019-Jul-06 00:00 02 14 37.72 +12 59 05.6
 2019-Jul-07 00:00 02 14 44.40 +12 59 38.8
 2019-Jul-08 00:00 02 14 50.91 +13 00 11.2
 2019-Jul-09 00:00 02 14 57.26 +13 00 42.6
 2019-Jul-10 00:00 02 15 03.44 +13 01 13.2
 2019-Jul-11 00:00 02 15 09.45 +13 01 42.9
 2019-Jul-12 00:00 02 15 15.30 +13 02 11.7
 2019-Jul-13 00:00 02 15 20.96 +13 02 39.7
 2019-Jul-14 00:00 02 15 26.46 +13 03 06.7
 2019-Jul-15 00:00 02 15 31.79 +13 03 32.8
 2019-Jul-16 00:00 02 15 36.93 +13 03 58.0
 2019-Jul-17 00:00 02 15 41.91 +13 04 22.2
 2019-Jul-18 00:00 02 15 46.70 +13 04 45.6
 2019-Jul-19 00:00 02 15 51.32 +13 05 08.0
 2019-Jul-20 00:00 02 15 55.76 +13 05 29.5
 2019-Jul-21 00:00 02 16 00.02 +13 05 50.1
 2019-Jul-22 00:00 02 16 04.10 +13 06 09.8
 2019-Jul-23 00:00 02 16 07.99 +13 06 28.5
 2019-Jul-24 00:00 02 16 11.71 +13 06 46.2
 2019-Jul-25 00:00 02 16 15.23 +13 07 03.1
 2019-Jul-26 00:00 02 16 18.58 +13 07 18.9
 2019-Jul-27 00:00 02 16 21.73 +13 07 33.8
 2019-Jul-28 00:00 02 16 24.70 +13 07 47.8
 2019-Jul-29 00:00 02 16 27.48 +13 08 00.8
 2019-Jul-30 00:00 02 16 30.07 +13 08 12.8
 2019-Jul-31 00:00 02 16 32.47 +13 08 23.8
 2019-Aug-01 00:00 02 16 34.69 +13 08 33.9
 2019-Aug-02 00:00 02 16 36.71 +13 08 43.0
 2019-Aug-03 00:00 02 16 38.53 +13 08 51.1
 2019-Aug-04 00:00 02 16 40.17 +13 08 58.3
 2019-Aug-05 00:00 02 16 41.62 +13 09 04.4
 2019-Aug-06 00:00 02 16 42.87 +13 09 09.6
 2019-Aug-07 00:00 02 16 43.93 +13 09 13.8
 2019-Aug-08 00:00 02 16 44.80 +13 09 17.0
 2019-Aug-09 00:00 02 16 45.48 +13 09 19.3
 2019-Aug-10 00:00 02 16 45.96 +13 09 20.6
 2019-Aug-11 00:00 02 16 46.26 +13 09 20.9
 2019-Aug-12 00:00 02 16 46.37 +13 09 20.3
 2019-Aug-13 00:00 02 16 46.28 +13 09 18.6
 2019-Aug-14 00:00 02 16 46.00 +13 09 16.1
 2019-Aug-15 00:00 02 16 45.54 +13 09 12.5
 2019-Aug-16 00:00 02 16 44.88 +13 09 08.0
 2019-Aug-17 00:00 02 16 44.04 +13 09 02.6
 2019-Aug-18 00:00 02 16 43.00 +13 08 56.1
 2019-Aug-19 00:00 02 16 41.78 +13 08 48.8
 2019-Aug-20 00:00 02 16 40.37 +13 08 40.4
 2019-Aug-21 00:00 02 16 38.76 +13 08 31.2
 2019-Aug-22 00:00 02 16 36.98 +13 08 21.0
 2019-Aug-23 00:00 02 16 35.00 +13 08 09.8
 2019-Aug-24 00:00 02 16 32.84 +13 07 57.7
 2019-Aug-25 00:00 02 16 30.49 +13 07 44.7
 2019-Aug-26 00:00 02 16 27.96 +13 07 30.7
 2019-Aug-27 00:00 02 16 25.24 +13 07 15.8
 2019-Aug-28 00:00 02 16 22.34 +13 07 00.0
 2019-Aug-29 00:00 02 16 19.26 +13 06 43.2
 2019-Aug-30 00:00 02 16 15.99 +13 06 25.5
 2019-Aug-31 00:00 02 16 12.55 +13 06 07.0
 2019-Sep-01 00:00 02 16 08.92 +13 05 47.5
 2019-Sep-02 00:00 02 16 05.12 +13 05 27.1
 2019-Sep-03 00:00 02 16 01.15 +13 05 05.9
 2019-Sep-04 00:00 02 15 57.00 +13 04 43.7
 2019-Sep-05 00:00 02 15 52.68 +13 04 20.7
 2019-Sep-06 00:00 02 15 48.19 +13 03 56.9
 2019-Sep-07 00:00 02 15 43.53 +13 03 32.2
 2019-Sep-08 00:00 02 15 38.71 +13 03 06.6
 2019-Sep-09 00:00 02 15 33.72 +13 02 40.2
 2019-Sep-10 00:00 02 15 28.57 +13 02 13.1
 2019-Sep-11 00:00 02 15 23.26 +13 01 45.1
 2019-Sep-12 00:00 02 15 17.80 +13 01 16.3
 2019-Sep-13 00:00 02 15 12.18 +13 00 46.7
 2019-Sep-14 00:00 02 15 06.40 +13 00 16.4
 2019-Sep-15 00:00 02 15 00.48 +12 59 45.3
 2019-Sep-16 00:00 02 14 54.40 +12 59 13.4
 2019-Sep-17 00:00 02 14 48.18 +12 58 40.8
 2019-Sep-18 00:00 02 14 41.81 +12 58 07.5
 2019-Sep-19 00:00 02 14 35.30 +12 57 33.4
 2019-Sep-20 00:00 02 14 28.65 +12 56 58.7
 2019-Sep-21 00:00 02 14 21.86 +12 56 23.2
 2019-Sep-22 00:00 02 14 14.94 +12 55 47.1
 2019-Sep-23 00:00 02 14 07.89 +12 55 10.2
 2019-Sep-24 00:00 02 14 00.70 +12 54 32.8
 2019-Sep-25 00:00 02 13 53.39 +12 53 54.7
 2019-Sep-26 00:00 02 13 45.95 +12 53 15.9
 2019-Sep-27 00:00 02 13 38.39 +12 52 36.5
 2019-Sep-28 00:00 02 13 30.72 +12 51 56.6
 2019-Sep-29 00:00 02 13 22.93 +12 51 16.0
 2019-Sep-30 00:00 02 13 15.02 +12 50 34.9
 2019-Oct-01 00:00 02 13 07.01 +12 49 53.2
 2019-Oct-02 00:00 02 12 58.90 +12 49 11.0
 2019-Oct-03 00:00 02 12 50.68 +12 48 28.3
 2019-Oct-04 00:00 02 12 42.37 +12 47 45.1
 2019-Oct-05 00:00 02 12 33.97 +12 47 01.4
 2019-Oct-06 00:00 02 12 25.47 +12 46 17.3
 2019-Oct-07 00:00 02 12 16.89 +12 45 32.7
 2019-Oct-08 00:00 02 12 08.23 +12 44 47.7
 2019-Oct-09 00:00 02 11 59.49 +12 44 02.3
 2019-Oct-10 00:00 02 11 50.67 +12 43 16.6
 2019-Oct-11 00:00 02 11 41.78 +12 42 30.4
 2019-Oct-12 00:00 02 11 32.83 +12 41 43.9
 2019-Oct-13 00:00 02 11 23.80 +12 40 57.1
 2019-Oct-14 00:00 02 11 14.72 +12 40 10.0
 2019-Oct-15 00:00 02 11 05.58 +12 39 22.6
 2019-Oct-16 00:00 02 10 56.39 +12 38 34.9
 2019-Oct-17 00:00 02 10 47.15 +12 37 47.0
 2019-Oct-18 00:00 02 10 37.86 +12 36 58.8
 2019-Oct-19 00:00 02 10 28.53 +12 36 10.4
 2019-Oct-20 00:00 02 10 19.16 +12 35 21.9
 2019-Oct-21 00:00 02 10 09.76 +12 34 33.1
 2019-Oct-22 00:00 02 10 00.32 +12 33 44.2
 2019-Oct-23 00:00 02 09 50.86 +12 32 55.2
 2019-Oct-24 00:00 02 09 41.38 +12 32 06.0
 2019-Oct-25 00:00 02 09 31.87 +12 31 16.8
 2019-Oct-26 00:00 02 09 22.36 +12 30 27.5
 2019-Oct-27 00:00 02 09 12.83 +12 29 38.1
 2019-Oct-28 00:00 02 09 03.30 +12 28 48.7
 2019-Oct-29 00:00 02 08 53.76 +12 27 59.3
 2019-Oct-30 00:00 02 08 44.24 +12 27 10.0
 2019-Oct-31 00:00 02 08 34.71 +12 26 20.6
 2019-Nov-01 00:00 02 08 25.20 +12 25 31.4
 2019-Nov-02 00:00 02 08 15.71 +12 24 42.2
 2019-Nov-03 00:00 02 08 06.24 +12 23 53.2
 2019-Nov-04 00:00 02 07 56.79 +12 23 04.3
 2019-Nov-05 00:00 02 07 47.38 +12 22 15.5
 2019-Nov-06 00:00 02 07 37.99 +12 21 26.9
 2019-Nov-07 00:00 02 07 28.65 +12 20 38.6
 2019-Nov-08 00:00 02 07 19.34 +12 19 50.4
 2019-Nov-09 00:00 02 07 10.08 +12 19 02.6
 2019-Nov-10 00:00 02 07 00.87 +12 18 14.9
 2019-Nov-11 00:00 02 06 51.71 +12 17 27.6
 2019-Nov-12 00:00 02 06 42.60 +12 16 40.5
 2019-Nov-13 00:00 02 06 33.56 +12 15 53.8
 2019-Nov-14 00:00 02 06 24.59 +12 15 07.5
 2019-Nov-15 00:00 02 06 15.67 +12 14 21.5
 2019-Nov-16 00:00 02 06 06.84 +12 13 35.8
 2019-Nov-17 00:00 02 05 58.07 +12 12 50.6
 2019-Nov-18 00:00 02 05 49.39 +12 12 05.8
 2019-Nov-19 00:00 02 05 40.79 +12 11 21.5
 2019-Nov-20 00:00 02 05 32.27 +12 10 37.6
 2019-Nov-21 00:00 02 05 23.85 +12 09 54.2
 2019-Nov-22 00:00 02 05 15.52 +12 09 11.3
 2019-Nov-23 00:00 02 05 07.28 +12 08 29.0
 2019-Nov-24 00:00 02 04 59.15 +12 07 47.2
 2019-Nov-25 00:00 02 04 51.13 +12 07 05.9
 2019-Nov-26 00:00 02 04 43.21 +12 06 25.2
 2019-Nov-27 00:00 02 04 35.41 +12 05 45.2
 2019-Nov-28 00:00 02 04 27.73 +12 05 05.8
 2019-Nov-29 00:00 02 04 20.16 +12 04 27.0
 2019-Nov-30 00:00 02 04 12.72 +12 03 48.9
 2019-Dec-01 00:00 02 04 05.41 +12 03 11.5
 2019-Dec-02 00:00 02 03 58.22 +12 02 34.7
 2019-Dec-03 00:00 02 03 51.18 +12 01 58.7
 2019-Dec-04 00:00 02 03 44.26 +12 01 23.5
 2019-Dec-05 00:00 02 03 37.49 +12 00 49.0
 2019-Dec-06 00:00 02 03 30.86 +12 00 15.3
 2019-Dec-07 00:00 02 03 24.37 +11 59 42.3
 2019-Dec-08 00:00 02 03 18.03 +11 59 10.1
 2019-Dec-09 00:00 02 03 11.85 +11 58 38.8
 2019-Dec-10 00:00 02 03 05.81 +11 58 08.3
 2019-Dec-11 00:00 02 02 59.93 +11 57 38.6
 2019-Dec-12 00:00 02 02 54.21 +11 57 09.8
 2019-Dec-13 00:00 02 02 48.64 +11 56 41.8
 2019-Dec-14 00:00 02 02 43.24 +11 56 14.7
 2019-Dec-15 00:00 02 02 38.00 +11 55 48.5
 2019-Dec-16 00:00 02 02 32.93 +11 55 23.2
 2019-Dec-17 00:00 02 02 28.03 +11 54 58.8
 2019-Dec-18 00:00 02 02 23.30 +11 54 35.3
 2019-Dec-19 00:00 02 02 18.74 +11 54 12.8
 2019-Dec-20 00:00 02 02 14.35 +11 53 51.2
 2019-Dec-21 00:00 02 02 10.15 +11 53 30.6
 2019-Dec-22 00:00 02 02 06.12 +11 53 10.9
 2019-Dec-23 00:00 02 02 02.27 +11 52 52.2
 2019-Dec-24 00:00 02 01 58.61 +11 52 34.5
 2019-Dec-25 00:00 02 01 55.13 +11 52 17.8
 2019-Dec-26 00:00 02 01 51.84 +11 52 02.1
 2019-Dec-27 00:00 02 01 48.74 +11 51 47.4
 2019-Dec-28 00:00 02 01 45.83 +11 51 33.8
 2019-Dec-29 00:00 02 01 43.11 +11 51 21.2
 2019-Dec-30 00:00 02 01 40.58 +11 51 09.6
 2019-Dec-31 00:00 02 01 38.25 +11 50 59.1
 2020-Jan-01 00:00 02 01 36.11 +11 50 49.6
 2020-Jan-02 00:00 02 01 34.17 +11 50 41.2
 2020-Jan-03 00:00 02 01 32.42 +11 50 33.9
 2020-Jan-04 00:00 02 01 30.87 +11 50 27.6
 2020-Jan-05 00:00 02 01 29.52 +11 50 22.4
 2020-Jan-06 00:00 02 01 28.37 +11 50 18.2
 2020-Jan-07 00:00 02 01 27.41 +11 50 15.2
 2020-Jan-08 00:00 02 01 26.66 +11 50 13.2
 2020-Jan-09 00:00 02 01 26.10 +11 50 12.2
 2020-Jan-10 00:00 02 01 25.75 +11 50 12.4
 2020-Jan-11 00:00 02 01 25.59 +11 50 13.6
 2020-Jan-12 00:00 02 01 25.64 +11 50 15.9
 2020-Jan-13 00:00 02 01 25.88 +11 50 19.3
 2020-Jan-14 00:00 02 01 26.33 +11 50 23.8
 2020-Jan-15 00:00 02 01 26.97 +11 50 29.3
 2020-Jan-16 00:00 02 01 27.82 +11 50 35.9
 2020-Jan-17 00:00 02 01 28.87 +11 50 43.6
 2020-Jan-18 00:00 02 01 30.12 +11 50 52.4
 2020-Jan-19 00:00 02 01 31.57 +11 51 02.2
 2020-Jan-20 00:00 02 01 33.22 +11 51 13.2
 2020-Jan-21 00:00 02 01 35.08 +11 51 25.2
 2020-Jan-22 00:00 02 01 37.14 +11 51 38.2
 2020-Jan-23 00:00 02 01 39.39 +11 51 52.4
 2020-Jan-24 00:00 02 01 41.85 +11 52 07.6
 2020-Jan-25 00:00 02 01 44.51 +11 52 23.9
 2020-Jan-26 00:00 02 01 47.37 +11 52 41.3
 2020-Jan-27 00:00 02 01 50.42 +11 52 59.7
 2020-Jan-28 00:00 02 01 53.68 +11 53 19.2
 2020-Jan-29 00:00 02 01 57.13 +11 53 39.7
 2020-Jan-30 00:00 02 02 00.78 +11 54 01.2
 2020-Jan-31 00:00 02 02 04.62 +11 54 23.8
 2020-Feb-01 00:00 02 02 08.66 +11 54 47.5
 2020-Feb-02 00:00 02 02 12.89 +11 55 12.1
 2020-Feb-03 00:00 02 02 17.31 +11 55 37.8
 2020-Feb-04 00:00 02 02 21.92 +11 56 04.4
 2020-Feb-05 00:00 02 02 26.72 +11 56 32.1
 2020-Feb-06 00:00 02 02 31.71 +11 57 00.7
 2020-Feb-07 00:00 02 02 36.89 +11 57 30.3
 2020-Feb-08 00:00 02 02 42.24 +11 58 00.9
 2020-Feb-09 00:00 02 02 47.79 +11 58 32.5
 2020-Feb-10 00:00 02 02 53.51 +11 59 05.0
 2020-Feb-11 00:00 02 02 59.41 +11 59 38.4
 2020-Feb-12 00:00 02 03 05.50 +12 00 12.8
 2020-Feb-13 00:00 02 03 11.76 +12 00 48.1
 2020-Feb-14 00:00 02 03 18.20 +12 01 24.3
 2020-Feb-15 00:00 02 03 24.81 +12 02 01.4
 2020-Feb-16 00:00 02 03 31.60 +12 02 39.4
 2020-Feb-17 00:00 02 03 38.56 +12 03 18.3
 2020-Feb-18 00:00 02 03 45.69 +12 03 58.1
 2020-Feb-19 00:00 02 03 52.99 +12 04 38.8
 2020-Feb-20 00:00 02 04 00.46 +12 05 20.3
 2020-Feb-21 00:00 02 04 08.09 +12 06 02.7
 2020-Feb-22 00:00 02 04 15.89 +12 06 45.9
 2020-Feb-23 00:00 02 04 23.85 +12 07 30.0
 2020-Feb-24 00:00 02 04 31.97 +12 08 14.8
 2020-Feb-25 00:00 02 04 40.25 +12 09 00.5
 2020-Feb-26 00:00 02 04 48.68 +12 09 47.0
 2020-Feb-27 00:00 02 04 57.27 +12 10 34.2
 2020-Feb-28 00:00 02 05 06.01 +12 11 22.2
 2020-Feb-29 00:00 02 05 14.90 +12 12 11.0
 2020-Mar-01 00:00 02 05 23.94 +12 13 00.5
 2020-Mar-02 00:00 02 05 33.12 +12 13 50.7
 2020-Mar-03 00:00 02 05 42.44 +12 14 41.6
 2020-Mar-04 00:00 02 05 51.90 +12 15 33.3
 2020-Mar-05 00:00 02 06 01.50 +12 16 25.6
 2020-Mar-06 00:00 02 06 11.24 +12 17 18.6
 2020-Mar-07 00:00 02 06 21.10 +12 18 12.2
 2020-Mar-08 00:00 02 06 31.10 +12 19 06.5
 2020-Mar-09 00:00 02 06 41.23 +12 20 01.4
 2020-Mar-10 00:00 02 06 51.48 +12 20 56.9
 2020-Mar-11 00:00 02 07 01.85 +12 21 53.0
 2020-Mar-12 00:00 02 07 12.35 +12 22 49.7
 2020-Mar-13 00:00 02 07 22.97 +12 23 47.0
 2020-Mar-14 00:00 02 07 33.70 +12 24 44.8
 2020-Mar-15 00:00 02 07 44.56 +12 25 43.2
 2020-Mar-16 00:00 02 07 55.52 +12 26 42.1
 2020-Mar-17 00:00 02 08 06.59 +12 27 41.6
 2020-Mar-18 00:00 02 08 17.78 +12 28 41.5
 2020-Mar-19 00:00 02 08 29.07 +12 29 42.0
 2020-Mar-20 00:00 02 08 40.46 +12 30 43.0
 2020-Mar-21 00:00 02 08 51.96 +12 31 44.4
 2020-Mar-22 00:00 02 09 03.55 +12 32 46.3
 2020-Mar-23 00:00 02 09 15.24 +12 33 48.6
 2020-Mar-24 00:00 02 09 27.02 +12 34 51.3
 2020-Mar-25 00:00 02 09 38.89 +12 35 54.5
 2020-Mar-26 00:00 02 09 50.86 +12 36 58.0
 2020-Mar-27 00:00 02 10 02.90 +12 38 02.0
 2020-Mar-28 00:00 02 10 15.03 +12 39 06.3
 2020-Mar-29 00:00 02 10 27.24 +12 40 10.9
 2020-Mar-30 00:00 02 10 39.53 +12 41 15.9
 2020-Mar-31 00:00 02 10 51.89 +12 42 21.2
 2020-Apr-01 00:00 02 11 04.32 +12 43 26.8
 2020-Apr-02 00:00 02 11 16.82 +12 44 32.7
 2020-Apr-03 00:00 02 11 29.38 +12 45 38.9
 2020-Apr-04 00:00 02 11 42.01 +12 46 45.3
 2020-Apr-05 00:00 02 11 54.70 +12 47 52.0
 2020-Apr-06 00:00 02 12 07.45 +12 48 58.9
 2020-Apr-07 00:00 02 12 20.25 +12 50 06.0
 2020-Apr-08 00:00 02 12 33.11 +12 51 13.3
 2020-Apr-09 00:00 02 12 46.02 +12 52 20.8
 2020-Apr-10 00:00 02 12 58.97 +12 53 28.4
 2020-Apr-11 00:00 02 13 11.97 +12 54 36.3
 2020-Apr-12 00:00 02 13 25.02 +12 55 44.2
 2020-Apr-13 00:00 02 13 38.11 +12 56 52.4
 2020-Apr-14 00:00 02 13 51.23 +12 58 00.6
 2020-Apr-15 00:00 02 14 04.39 +12 59 09.0
 2020-Apr-16 00:00 02 14 17.59 +13 00 17.4
 2020-Apr-17 00:00 02 14 30.82 +13 01 25.9
 2020-Apr-18 00:00 02 14 44.07 +13 02 34.5
 2020-Apr-19 00:00 02 14 57.35 +13 03 43.2
 2020-Apr-20 00:00 02 15 10.65 +13 04 51.9
 2020-Apr-21 00:00 02 15 23.97 +13 06 00.6
 2020-Apr-22 00:00 02 15 37.31 +13 07 09.4
 2020-Apr-23 00:00 02 15 50.67 +13 08 18.1
 2020-Apr-24 00:00 02 16 04.03 +13 09 26.8
 2020-Apr-25 00:00 02 16 17.41 +13 10 35.5
 2020-Apr-26 00:00 02 16 30.79 +13 11 44.1
 2020-Apr-27 00:00 02 16 44.17 +13 12 52.7
 2020-Apr-28 00:00 02 16 57.55 +13 14 01.2
 2020-Apr-29 00:00 02 17 10.93 +13 15 09.6
 2020-Apr-30 00:00 02 17 24.31 +13 16 17.9
 2020-May-01 00:00 02 17 37.67 +13 17 26.1
 2020-May-02 00:00 02 17 51.03 +13 18 34.1
 2020-May-03 00:00 02 18 04.37 +13 19 42.0
 2020-May-04 00:00 02 18 17.70 +13 20 49.7
 2020-May-05 00:00 02 18 31.00 +13 21 57.3
 2020-May-06 00:00 02 18 44.29 +13 23 04.7
 2020-May-07 00:00 02 18 57.55 +13 24 11.9
 2020-May-08 00:00 02 19 10.79 +13 25 18.8
 2020-May-09 00:00 02 19 24.00 +13 26 25.6
 2020-May-10 00:00 02 19 37.18 +13 27 32.1
 2020-May-11 00:00 02 19 50.33 +13 28 38.4
 2020-May-12 00:00 02 20 03.45 +13 29 44.5
 2020-May-13 00:00 02 20 16.52 +13 30 50.2
 2020-May-14 00:00 02 20 29.56 +13 31 55.7
 2020-May-15 00:00 02 20 42.56 +13 33 01.0
 2020-May-16 00:00 02 20 55.50 +13 34 05.9
 2020-May-17 00:00 02 21 08.41 +13 35 10.5
 2020-May-18 00:00 02 21 21.26 +13 36 14.8
 2020-May-19 00:00 02 21 34.06 +13 37 18.7
 2020-May-20 00:00 02 21 46.80 +13 38 22.3
 2020-May-21 00:00 02 21 59.48 +13 39 25.6
 2020-May-22 00:00 02 22 12.10 +13 40 28.4
 2020-May-23 00:00 02 22 24.66 +13 41 30.9
 2020-May-24 00:00 02 22 37.16 +13 42 33.0
 2020-May-25 00:00 02 22 49.58 +13 43 34.6
 2020-May-26 00:00 02 23 01.93 +13 44 35.9
 2020-May-27 00:00 02 23 14.21 +13 45 36.6
 2020-May-28 00:00 02 23 26.41 +13 46 37.0
 2020-May-29 00:00 02 23 38.53 +13 47 36.9
 2020-May-30 00:00 02 23 50.57 +13 48 36.3
 2020-May-31 00:00 02 24 02.53 +13 49 35.2
 2020-Jun-01 00:00 02 24 14.40 +13 50 33.6
 2020-Jun-02 00:00 02 24 26.18 +13 51 31.6
 2020-Jun-03 00:00 02 24 37.87 +13 52 29.0
 2020-Jun-04 00:00 02 24 49.46 +13 53 25.9
 2020-Jun-05 00:00 02 25 00.97 +13 54 22.3
 2020-Jun-06 00:00 02 25 12.37 +13 55 18.1
 2020-Jun-07 00:00 02 25 23.68 +13 56 13.4
 2020-Jun-08 00:00 02 25 34.89 +13 57 08.1
 2020-Jun-09 00:00 02 25 45.99 +13 58 02.3
 2020-Jun-10 00:00 02 25 56.99 +13 58 55.9
 2020-Jun-11 00:00 02 26 07.88 +13 59 48.9
 2020-Jun-12 00:00 02 26 18.67 +14 00 41.3
 2020-Jun-13 00:00 02 26 29.33 +14 01 33.1
 2020-Jun-14 00:00 02 26 39.89 +14 02 24.3
 2020-Jun-15 00:00 02 26 50.33 +14 03 14.9
 2020-Jun-16 00:00 02 27 00.65 +14 04 04.9
 2020-Jun-17 00:00 02 27 10.84 +14 04 54.2
 2020-Jun-18 00:00 02 27 20.92 +14 05 42.8
 2020-Jun-19 00:00 02 27 30.87 +14 06 30.8
 2020-Jun-20 00:00 02 27 40.69 +14 07 18.1
 2020-Jun-21 00:00 02 27 50.37 +14 08 04.7
 2020-Jun-22 00:00 02 27 59.93 +14 08 50.7
 2020-Jun-23 00:00 02 28 09.35 +14 09 35.9
 2020-Jun-24 00:00 02 28 18.64 +14 10 20.4
 2020-Jun-25 00:00 02 28 27.78 +14 11 04.2
 2020-Jun-26 00:00 02 28 36.78 +14 11 47.3
 2020-Jun-27 00:00 02 28 45.65 +14 12 29.7
 2020-Jun-28 00:00 02 28 54.36 +14 13 11.2
 2020-Jun-29 00:00 02 29 02.93 +14 13 52.1
 2020-Jun-30 00:00 02 29 11.35 +14 14 32.2
 2020-Jul-01 00:00 02 29 19.63 +14 15 11.5
 2020-Jul-02 00:00 02 29 27.75 +14 15 50.1
 2020-Jul-03 00:00 02 29 35.71 +14 16 27.8
 2020-Jul-04 00:00 02 29 43.53 +14 17 04.9
 2020-Jul-05 00:00 02 29 51.19 +14 17 41.1
 2020-Jul-06 00:00 02 29 58.69 +14 18 16.5
 2020-Jul-07 00:00 02 30 06.03 +14 18 51.1
 2020-Jul-08 00:00 02 30 13.21 +14 19 25.0
 2020-Jul-09 00:00 02 30 20.23 +14 19 58.0
 2020-Jul-10 00:00 02 30 27.09 +14 20 30.2
 2020-Jul-11 00:00 02 30 33.78 +14 21 01.6
 2020-Jul-12 00:00 02 30 40.30 +14 21 32.1
 2020-Jul-13 00:00 02 30 46.66 +14 22 01.9
 2020-Jul-14 00:00 02 30 52.84 +14 22 30.7
 2020-Jul-15 00:00 02 30 58.85 +14 22 58.8
 2020-Jul-16 00:00 02 31 04.69 +14 23 26.0
 2020-Jul-17 00:00 02 31 10.36 +14 23 52.3
 2020-Jul-18 00:00 02 31 15.84 +14 24 17.7
 2020-Jul-19 00:00 02 31 21.15 +14 24 42.3
 2020-Jul-20 00:00 02 31 26.28 +14 25 06.0
 2020-Jul-21 00:00 02 31 31.23 +14 25 28.8
 2020-Jul-22 00:00 02 31 36.00 +14 25 50.7
 2020-Jul-23 00:00 02 31 40.58 +14 26 11.8
 2020-Jul-24 00:00 02 31 44.98 +14 26 31.9
 2020-Jul-25 00:00 02 31 49.20 +14 26 51.1
 2020-Jul-26 00:00 02 31 53.22 +14 27 09.4
 2020-Jul-27 00:00 02 31 57.07 +14 27 26.9
 2020-Jul-28 00:00 02 32 00.72 +14 27 43.4
 2020-Jul-29 00:00 02 32 04.19 +14 27 59.0
 2020-Jul-30 00:00 02 32 07.47 +14 28 13.7
 2020-Jul-31 00:00 02 32 10.56 +14 28 27.4
 2020-Aug-01 00:00 02 32 13.46 +14 28 40.3
 2020-Aug-02 00:00 02 32 16.17 +14 28 52.3
 2020-Aug-03 00:00 02 32 18.69 +14 29 03.3
 2020-Aug-04 00:00 02 32 21.01 +14 29 13.4
 2020-Aug-05 00:00 02 32 23.15 +14 29 22.6
 2020-Aug-06 00:00 02 32 25.10 +14 29 30.9
 2020-Aug-07 00:00 02 32 26.85 +14 29 38.3
 2020-Aug-08 00:00 02 32 28.41 +14 29 44.7
 2020-Aug-09 00:00 02 32 29.78 +14 29 50.2
 2020-Aug-10 00:00 02 32 30.95 +14 29 54.8
 2020-Aug-11 00:00 02 32 31.93 +14 29 58.5
 2020-Aug-12 00:00 02 32 32.71 +14 30 01.2
 2020-Aug-13 00:00 02 32 33.30 +14 30 03.0
 2020-Aug-14 00:00 02 32 33.70 +14 30 03.9
 2020-Aug-15 00:00 02 32 33.90 +14 30 03.8
 2020-Aug-16 00:00 02 32 33.90 +14 30 02.8
 2020-Aug-17 00:00 02 32 33.71 +14 30 00.9
 2020-Aug-18 00:00 02 32 33.32 +14 29 58.1
 2020-Aug-19 00:00 02 32 32.74 +14 29 54.3
 2020-Aug-20 00:00 02 32 31.96 +14 29 49.6
 2020-Aug-21 00:00 02 32 30.99 +14 29 43.9
 2020-Aug-22 00:00 02 32 29.82 +14 29 37.4
 2020-Aug-23 00:00 02 32 28.46 +14 29 29.9
 2020-Aug-24 00:00 02 32 26.91 +14 29 21.5
 2020-Aug-25 00:00 02 32 25.17 +14 29 12.2
 2020-Aug-26 00:00 02 32 23.24 +14 29 02.0
 2020-Aug-27 00:00 02 32 21.12 +14 28 50.9
 2020-Aug-28 00:00 02 32 18.81 +14 28 38.9
 2020-Aug-29 00:00 02 32 16.31 +14 28 26.1
 2020-Aug-30 00:00 02 32 13.63 +14 28 12.3
 2020-Aug-31 00:00 02 32 10.77 +14 27 57.7
 2020-Sep-01 00:00 02 32 07.72 +14 27 42.2
 2020-Sep-02 00:00 02 32 04.48 +14 27 25.8
 2020-Sep-03 00:00 02 32 01.07 +14 27 08.6
 2020-Sep-04 00:00 02 31 57.48 +14 26 50.5
 2020-Sep-05 00:00 02 31 53.70 +14 26 31.5
 2020-Sep-06 00:00 02 31 49.75 +14 26 11.8
 2020-Sep-07 00:00 02 31 45.62 +14 25 51.2
 2020-Sep-08 00:00 02 31 41.32 +14 25 29.7
 2020-Sep-09 00:00 02 31 36.85 +14 25 07.4
 2020-Sep-10 00:00 02 31 32.20 +14 24 44.4
 2020-Sep-11 00:00 02 31 27.38 +14 24 20.5
 2020-Sep-12 00:00 02 31 22.39 +14 23 55.8
 2020-Sep-13 00:00 02 31 17.24 +14 23 30.3
 2020-Sep-14 00:00 02 31 11.92 +14 23 04.0
 2020-Sep-15 00:00 02 31 06.44 +14 22 36.9
 2020-Sep-16 00:00 02 31 00.79 +14 22 09.1
 2020-Sep-17 00:00 02 30 54.99 +14 21 40.5
 2020-Sep-18 00:00 02 30 49.03 +14 21 11.2
 2020-Sep-19 00:00 02 30 42.92 +14 20 41.1
 2020-Sep-20 00:00 02 30 36.65 +14 20 10.3
 2020-Sep-21 00:00 02 30 30.24 +14 19 38.8
 2020-Sep-22 00:00 02 30 23.68 +14 19 06.6
 2020-Sep-23 00:00 02 30 16.98 +14 18 33.7
 2020-Sep-24 00:00 02 30 10.14 +14 18 00.1
 2020-Sep-25 00:00 02 30 03.16 +14 17 25.9
 2020-Sep-26 00:00 02 29 56.05 +14 16 51.1
 2020-Sep-27 00:00 02 29 48.81 +14 16 15.6
 2020-Sep-28 00:00 02 29 41.44 +14 15 39.5
 2020-Sep-29 00:00 02 29 33.94 +14 15 02.8
 2020-Sep-30 00:00 02 29 26.32 +14 14 25.5
 2020-Oct-01 00:00 02 29 18.59 +14 13 47.7
 2020-Oct-02 00:00 02 29 10.73 +14 13 09.2
 2020-Oct-03 00:00 02 29 02.77 +14 12 30.3
 2020-Oct-04 00:00 02 28 54.69 +14 11 50.8
 2020-Oct-05 00:00 02 28 46.51 +14 11 10.8
 2020-Oct-06 00:00 02 28 38.22 +14 10 30.3
 2020-Oct-07 00:00 02 28 29.83 +14 09 49.3
 2020-Oct-08 00:00 02 28 21.34 +14 09 07.9
 2020-Oct-09 00:00 02 28 12.76 +14 08 26.0
 2020-Oct-10 00:00 02 28 04.09 +14 07 43.6
 2020-Oct-11 00:00 02 27 55.34 +14 07 00.9
 2020-Oct-12 00:00 02 27 46.50 +14 06 17.7
 2020-Oct-13 00:00 02 27 37.57 +14 05 34.1
 2020-Oct-14 00:00 02 27 28.58 +14 04 50.2
 2020-Oct-15 00:00 02 27 19.51 +14 04 05.9
 2020-Oct-16 00:00 02 27 10.37 +14 03 21.2
 2020-Oct-17 00:00 02 27 01.17 +14 02 36.3
 2020-Oct-18 00:00 02 26 51.91 +14 01 51.1
 2020-Oct-19 00:00 02 26 42.59 +14 01 05.6
 2020-Oct-20 00:00 02 26 33.22 +14 00 19.8
 2020-Oct-21 00:00 02 26 23.81 +13 59 33.8
 2020-Oct-22 00:00 02 26 14.35 +13 58 47.6
 2020-Oct-23 00:00 02 26 04.85 +13 58 01.2
 2020-Oct-24 00:00 02 25 55.32 +13 57 14.7
 2020-Oct-25 00:00 02 25 45.76 +13 56 28.0
 2020-Oct-26 00:00 02 25 36.18 +13 55 41.1
 2020-Oct-27 00:00 02 25 26.57 +13 54 54.2
 2020-Oct-28 00:00 02 25 16.94 +13 54 07.2
 2020-Oct-29 00:00 02 25 07.30 +13 53 20.1
 2020-Oct-30 00:00 02 24 57.65 +13 52 33.0
 2020-Oct-31 00:00 02 24 47.99 +13 51 45.8
 2020-Nov-01 00:00 02 24 38.34 +13 50 58.6
 2020-Nov-02 00:00 02 24 28.68 +13 50 11.5
 2020-Nov-03 00:00 02 24 19.03 +13 49 24.3
 2020-Nov-04 00:00 02 24 09.39 +13 48 37.2
 2020-Nov-05 00:00 02 23 59.76 +13 47 50.2
 2020-Nov-06 00:00 02 23 50.15 +13 47 03.3
 2020-Nov-07 00:00 02 23 40.57 +13 46 16.5
 2020-Nov-08 00:00 02 23 31.01 +13 45 29.8
 2020-Nov-09 00:00 02 23 21.48 +13 44 43.2
 2020-Nov-10 00:00 02 23 11.98 +13 43 56.9
 2020-Nov-11 00:00 02 23 02.53 +13 43 10.7
 2020-Nov-12 00:00 02 22 53.11 +13 42 24.7
 2020-Nov-13 00:00 02 22 43.75 +13 41 39.0
 2020-Nov-14 00:00 02 22 34.43 +13 40 53.5
 2020-Nov-15 00:00 02 22 25.18 +13 40 08.3
 2020-Nov-16 00:00 02 22 15.98 +13 39 23.4
 2020-Nov-17 00:00 02 22 06.85 +13 38 38.9
 2020-Nov-18 00:00 02 21 57.79 +13 37 54.7
 2020-Nov-19 00:00 02 21 48.80 +13 37 10.8
 2020-Nov-20 00:00 02 21 39.89 +13 36 27.3
 2020-Nov-21 00:00 02 21 31.06 +13 35 44.3
 2020-Nov-22 00:00 02 21 22.31 +13 35 01.7
 2020-Nov-23 00:00 02 21 13.66 +13 34 19.5
 2020-Nov-24 00:00 02 21 05.10 +13 33 37.8
 2020-Nov-25 00:00 02 20 56.63 +13 32 56.6
 2020-Nov-26 00:00 02 20 48.27 +13 32 15.9
 2020-Nov-27 00:00 02 20 40.00 +13 31 35.7
 2020-Nov-28 00:00 02 20 31.85 +13 30 56.1
 2020-Nov-29 00:00 02 20 23.80 +13 30 17.0
 2020-Nov-30 00:00 02 20 15.87 +13 29 38.5
 2020-Dec-01 00:00 02 20 08.06 +13 29 00.6
 2020-Dec-02 00:00 02 20 00.36 +13 28 23.2
 2020-Dec-03 00:00 02 19 52.79 +13 27 46.6
 2020-Dec-04 00:00 02 19 45.35 +13 27 10.5
 2020-Dec-05 00:00 02 19 38.03 +13 26 35.1
 2020-Dec-06 00:00 02 19 30.85 +13 26 00.4
 2020-Dec-07 00:00 02 19 23.80 +13 25 26.4
 2020-Dec-08 00:00 02 19 16.89 +13 24 53.0
 2020-Dec-09 00:00 02 19 10.13 +13 24 20.4
 2020-Dec-10 00:00 02 19 03.50 +13 23 48.6
 2020-Dec-11 00:00 02 18 57.03 +13 23 17.4
 2020-Dec-12 00:00 02 18 50.71 +13 22 47.1
 2020-Dec-13 00:00 02 18 44.54 +13 22 17.5
 2020-Dec-14 00:00 02 18 38.54 +13 21 48.8
 2020-Dec-15 00:00 02 18 32.69 +13 21 20.8
 2020-Dec-16 00:00 02 18 27.00 +13 20 53.7
 2020-Dec-17 00:00 02 18 21.48 +13 20 27.5
 2020-Dec-18 00:00 02 18 16.13 +13 20 02.1
 2020-Dec-19 00:00 02 18 10.95 +13 19 37.5
 2020-Dec-20 00:00 02 18 05.94 +13 19 13.9
 2020-Dec-21 00:00 02 18 01.11 +13 18 51.1
 2020-Dec-22 00:00 02 17 56.45 +13 18 29.3
 2020-Dec-23 00:00 02 17 51.97 +13 18 08.3
 2020-Dec-24 00:00 02 17 47.67 +13 17 48.3
 2020-Dec-25 00:00 02 17 43.56 +13 17 29.2
 2020-Dec-26 00:00 02 17 39.62 +13 17 11.1
 2020-Dec-27 00:00 02 17 35.88 +13 16 53.9
 2020-Dec-28 00:00 02 17 32.31 +13 16 37.6
 2020-Dec-29 00:00 02 17 28.94 +13 16 22.3
 2020-Dec-30 00:00 02 17 25.76 +13 16 08.0
 2020-Dec-31 00:00 02 17 22.76 +13 15 54.7
 2021-Jan-01 00:00 02 17 19.96 +13 15 42.3
 2021-Jan-02 00:00 02 17 17.35 +13 15 30.9
 2021-Jan-03 00:00 02 17 14.94 +13 15 20.5
 2021-Jan-04 00:00 02 17 12.72 +13 15 11.2
 2021-Jan-05 00:00 02 17 10.70 +13 15 02.8
 2021-Jan-06 00:00 02 17 08.87 +13 14 55.4
 2021-Jan-07 00:00 02 17 07.25 +13 14 49.0
 2021-Jan-08 00:00 02 17 05.82 +13 14 43.7
 2021-Jan-09 00:00 02 17 04.59 +13 14 39.4
 2021-Jan-10 00:00 02 17 03.57 +13 14 36.1
 2021-Jan-11 00:00 02 17 02.75 +13 14 33.8
 2021-Jan-12 00:00 02 17 02.13 +13 14 32.6
 2021-Jan-13 00:00 02 17 01.72 +13 14 32.4
 2021-Jan-14 00:00 02 17 01.51 +13 14 33.3
 2021-Jan-15 00:00 02 17 01.51 +13 14 35.2
 2021-Jan-16 00:00 02 17 01.71 +13 14 38.2
 2021-Jan-17 00:00 02 17 02.12 +13 14 42.2
 2021-Jan-18 00:00 02 17 02.73 +13 14 47.2
 2021-Jan-19 00:00 02 17 03.55 +13 14 53.3
 2021-Jan-20 00:00 02 17 04.57 +13 15 00.5
 2021-Jan-21 00:00 02 17 05.80 +13 15 08.6
 2021-Jan-22 00:00 02 17 07.23 +13 15 17.9
 2021-Jan-23 00:00 02 17 08.87 +13 15 28.1
 2021-Jan-24 00:00 02 17 10.70 +13 15 39.4
 2021-Jan-25 00:00 02 17 12.75 +13 15 51.7
 2021-Jan-26 00:00 02 17 14.99 +13 16 05.0
 2021-Jan-27 00:00 02 17 17.43 +13 16 19.4
 2021-Jan-28 00:00 02 17 20.08 +13 16 34.7
 2021-Jan-29 00:00 02 17 22.93 +13 16 51.1
 2021-Jan-30 00:00 02 17 25.97 +13 17 08.5
 2021-Jan-31 00:00 02 17 29.21 +13 17 26.8
 2021-Feb-01 00:00 02 17 32.66 +13 17 46.2
 2021-Feb-02 00:00 02 17 36.30 +13 18 06.6
 2021-Feb-03 00:00 02 17 40.13 +13 18 27.9
 2021-Feb-04 00:00 02 17 44.17 +13 18 50.2
 2021-Feb-05 00:00 02 17 48.39 +13 19 13.5
 2021-Feb-06 00:00 02 17 52.82 +13 19 37.8
 2021-Feb-07 00:00 02 17 57.43 +13 20 03.1
 2021-Feb-08 00:00 02 18 02.24 +13 20 29.3
 2021-Feb-09 00:00 02 18 07.24 +13 20 56.4
 2021-Feb-10 00:00 02 18 12.43 +13 21 24.5
 2021-Feb-11 00:00 02 18 17.81 +13 21 53.6
 2021-Feb-12 00:00 02 18 23.38 +13 22 23.6
 2021-Feb-13 00:00 02 18 29.14 +13 22 54.5
 2021-Feb-14 00:00 02 18 35.08 +13 23 26.3
 2021-Feb-15 00:00 02 18 41.20 +13 23 59.0
 2021-Feb-16 00:00 02 18 47.51 +13 24 32.7
 2021-Feb-17 00:00 02 18 53.99 +13 25 07.2
 2021-Feb-18 00:00 02 19 00.66 +13 25 42.6
 2021-Feb-19 00:00 02 19 07.50 +13 26 18.8
 2021-Feb-20 00:00 02 19 14.51 +13 26 55.9
 2021-Feb-21 00:00 02 19 21.69 +13 27 33.8
 2021-Feb-22 00:00 02 19 29.05 +13 28 12.6
 2021-Feb-23 00:00 02 19 36.57 +13 28 52.2
 2021-Feb-24 00:00 02 19 44.27 +13 29 32.6
 2021-Feb-25 00:00 02 19 52.12 +13 30 13.8
 2021-Feb-26 00:00 02 20 00.14 +13 30 55.7
 2021-Feb-27 00:00 02 20 08.32 +13 31 38.5
 2021-Feb-28 00:00 02 20 16.65 +13 32 22.0
 2021-Mar-01 00:00 02 20 25.15 +13 33 06.2
 2021-Mar-02 00:00 02 20 33.80 +13 33 51.2
 2021-Mar-03 00:00 02 20 42.60 +13 34 36.9
 2021-Mar-04 00:00 02 20 51.55 +13 35 23.4
 2021-Mar-05 00:00 02 21 00.66 +13 36 10.5
 2021-Mar-06 00:00 02 21 09.91 +13 36 58.3
 2021-Mar-07 00:00 02 21 19.30 +13 37 46.9
 2021-Mar-08 00:00 02 21 28.84 +13 38 36.1
 2021-Mar-09 00:00 02 21 38.53 +13 39 25.9
 2021-Mar-10 00:00 02 21 48.35 +13 40 16.4
 2021-Mar-11 00:00 02 21 58.31 +13 41 07.6
 2021-Mar-12 00:00 02 22 08.40 +13 41 59.4
 2021-Mar-13 00:00 02 22 18.62 +13 42 51.7
 2021-Mar-14 00:00 02 22 28.98 +13 43 44.7
 2021-Mar-15 00:00 02 22 39.46 +13 44 38.3
 2021-Mar-16 00:00 02 22 50.07 +13 45 32.4
 2021-Mar-17 00:00 02 23 00.80 +13 46 27.1
 2021-Mar-18 00:00 02 23 11.65 +13 47 22.3
 2021-Mar-19 00:00 02 23 22.62 +13 48 18.1
 2021-Mar-20 00:00 02 23 33.70 +13 49 14.3
 2021-Mar-21 00:00 02 23 44.89 +13 50 11.1
 2021-Mar-22 00:00 02 23 56.19 +13 51 08.3
 2021-Mar-23 00:00 02 24 07.60 +13 52 06.1
 2021-Mar-24 00:00 02 24 19.11 +13 53 04.2
 2021-Mar-25 00:00 02 24 30.72 +13 54 02.8
 2021-Mar-26 00:00 02 24 42.44 +13 55 01.8
 2021-Mar-27 00:00 02 24 54.24 +13 56 01.3
 2021-Mar-28 00:00 02 25 06.15 +13 57 01.1
 2021-Mar-29 00:00 02 25 18.14 +13 58 01.3
 2021-Mar-30 00:00 02 25 30.22 +13 59 01.9
 2021-Mar-31 00:00 02 25 42.39 +14 00 02.8
 2021-Apr-01 00:00 02 25 54.65 +14 01 04.1
 2021-Apr-02 00:00 02 26 06.98 +14 02 05.7
 2021-Apr-03 00:00 02 26 19.40 +14 03 07.7
 2021-Apr-04 00:00 02 26 31.89 +14 04 09.9
 2021-Apr-05 00:00 02 26 44.46 +14 05 12.5
 2021-Apr-06 00:00 02 26 57.10 +14 06 15.3
 2021-Apr-07 00:00 02 27 09.81 +14 07 18.5
 2021-Apr-08 00:00 02 27 22.59 +14 08 21.8
 2021-Apr-09 00:00 02 27 35.43 +14 09 25.4
 2021-Apr-10 00:00 02 27 48.33 +14 10 29.3
 2021-Apr-11 00:00 02 28 01.30 +14 11 33.3
 2021-Apr-12 00:00 02 28 14.31 +14 12 37.6
 2021-Apr-13 00:00 02 28 27.39 +14 13 42.0
 2021-Apr-14 00:00 02 28 40.51 +14 14 46.6
 2021-Apr-15 00:00 02 28 53.68 +14 15 51.4
 2021-Apr-16 00:00 02 29 06.89 +14 16 56.2
 2021-Apr-17 00:00 02 29 20.15 +14 18 01.3
 2021-Apr-18 00:00 02 29 33.44 +14 19 06.4
 2021-Apr-19 00:00 02 29 46.77 +14 20 11.6
 2021-Apr-20 00:00 02 30 00.13 +14 21 16.9
 2021-Apr-21 00:00 02 30 13.53 +14 22 22.3
 2021-Apr-22 00:00 02 30 26.95 +14 23 27.7
 2021-Apr-23 00:00 02 30 40.40 +14 24 33.2
 2021-Apr-24 00:00 02 30 53.87 +14 25 38.7
 2021-Apr-25 00:00 02 31 07.36 +14 26 44.2
 2021-Apr-26 00:00 02 31 20.86 +14 27 49.7
 2021-Apr-27 00:00 02 31 34.39 +14 28 55.2
 2021-Apr-28 00:00 02 31 47.92 +14 30 00.7
 2021-Apr-29 00:00 02 32 01.46 +14 31 06.1
 2021-Apr-30 00:00 02 32 15.02 +14 32 11.6
 2021-May-01 00:00 02 32 28.58 +14 33 16.9
 2021-May-02 00:00 02 32 42.14 +14 34 22.2
 2021-May-03 00:00 02 32 55.70 +14 35 27.4
 2021-May-04 00:00 02 33 09.26 +14 36 32.5
 2021-May-05 00:00 02 33 22.81 +14 37 37.5
 2021-May-06 00:00 02 33 36.36 +14 38 42.4
 2021-May-07 00:00 02 33 49.90 +14 39 47.2
 2021-May-08 00:00 02 34 03.42 +14 40 51.8
 2021-May-09 00:00 02 34 16.93 +14 41 56.3
 2021-May-10 00:00 02 34 30.42 +14 43 00.6
 2021-May-11 00:00 02 34 43.88 +14 44 04.7
 2021-May-12 00:00 02 34 57.32 +14 45 08.6
 2021-May-13 00:00 02 35 10.74 +14 46 12.4
 2021-May-14 00:00 02 35 24.13 +14 47 15.9
 2021-May-15 00:00 02 35 37.48 +14 48 19.1
 2021-May-16 00:00 02 35 50.80 +14 49 22.1
 2021-May-17 00:00 02 36 04.07 +14 50 24.9
 2021-May-18 00:00 02 36 17.31 +14 51 27.4
 2021-May-19 00:00 02 36 30.51 +14 52 29.6
 2021-May-20 00:00 02 36 43.65 +14 53 31.5
 2021-May-21 00:00 02 36 56.75 +14 54 33.1
 2021-May-22 00:00 02 37 09.80 +14 55 34.4
 2021-May-23 00:00 02 37 22.80 +14 56 35.3
 2021-May-24 00:00 02 37 35.73 +14 57 35.9
 2021-May-25 00:00 02 37 48.61 +14 58 36.2
 2021-May-26 00:00 02 38 01.43 +14 59 36.1
 2021-May-27 00:00 02 38 14.19 +15 00 35.6
 2021-May-28 00:00 02 38 26.88 +15 01 34.8
 2021-May-29 00:00 02 38 39.51 +15 02 33.6
 2021-May-30 00:00 02 38 52.06 +15 03 32.0
 2021-May-31 00:00 02 39 04.55 +15 04 29.9
 2021-Jun-01 00:00 02 39 16.96 +15 05 27.5
 2021-Jun-02 00:00 02 39 29.29 +15 06 24.6
 2021-Jun-03 00:00 02 39 41.54 +15 07 21.3
 2021-Jun-04 00:00 02 39 53.71 +15 08 17.6
 2021-Jun-05 00:00 02 40 05.80 +15 09 13.4
 2021-Jun-06 00:00 02 40 17.80 +15 10 08.7
 2021-Jun-07 00:00 02 40 29.71 +15 11 03.6
 2021-Jun-08 00:00 02 40 41.53 +15 11 57.9
 2021-Jun-09 00:00 02 40 53.25 +15 12 51.8
 2021-Jun-10 00:00 02 41 04.87 +15 13 45.1
 2021-Jun-11 00:00 02 41 16.40 +15 14 38.0
 2021-Jun-12 00:00 02 41 27.82 +15 15 30.3
 2021-Jun-13 00:00 02 41 39.14 +15 16 22.0
 2021-Jun-14 00:00 02 41 50.35 +15 17 13.2
 2021-Jun-15 00:00 02 42 01.45 +15 18 03.8
 2021-Jun-16 00:00 02 42 12.44 +15 18 53.9
 2021-Jun-17 00:00 02 42 23.31 +15 19 43.4
 2021-Jun-18 00:00 02 42 34.07 +15 20 32.2
 2021-Jun-19 00:00 02 42 44.71 +15 21 20.5
 2021-Jun-20 00:00 02 42 55.23 +15 22 08.2
 2021-Jun-21 00:00 02 43 05.62 +15 22 55.3
 2021-Jun-22 00:00 02 43 15.90 +15 23 41.7
 2021-Jun-23 00:00 02 43 26.04 +15 24 27.5
 2021-Jun-24 00:00 02 43 36.06 +15 25 12.7
 2021-Jun-25 00:00 02 43 45.95 +15 25 57.3
 2021-Jun-26 00:00 02 43 55.70 +15 26 41.2
 2021-Jun-27 00:00 02 44 05.32 +15 27 24.4
 2021-Jun-28 00:00 02 44 14.81 +15 28 07.0
 2021-Jun-29 00:00 02 44 24.16 +15 28 48.9
 2021-Jun-30 00:00 02 44 33.37 +15 29 30.2
 2021-Jul-01 00:00 02 44 42.43 +15 30 10.7
 2021-Jul-02 00:00 02 44 51.36 +15 30 50.6
 2021-Jul-03 00:00 02 45 00.13 +15 31 29.8
 2021-Jul-04 00:00 02 45 08.76 +15 32 08.2
 2021-Jul-05 00:00 02 45 17.24 +15 32 46.0
 2021-Jul-06 00:00 02 45 25.56 +15 33 23.0
 2021-Jul-07 00:00 02 45 33.73 +15 33 59.3
 2021-Jul-08 00:00 02 45 41.75 +15 34 34.8
 2021-Jul-09 00:00 02 45 49.60 +15 35 09.6
 2021-Jul-10 00:00 02 45 57.30 +15 35 43.7
 2021-Jul-11 00:00 02 46 04.83 +15 36 16.9
 2021-Jul-12 00:00 02 46 12.20 +15 36 49.4
 2021-Jul-13 00:00 02 46 19.40 +15 37 21.2
 2021-Jul-14 00:00 02 46 26.44 +15 37 52.1
 2021-Jul-15 00:00 02 46 33.31 +15 38 22.3
 2021-Jul-16 00:00 02 46 40.01 +15 38 51.7
 2021-Jul-17 00:00 02 46 46.53 +15 39 20.2
 2021-Jul-18 00:00 02 46 52.88 +15 39 48.0
 2021-Jul-19 00:00 02 46 59.06 +15 40 15.0
 2021-Jul-20 00:00 02 47 05.07 +15 40 41.1
 2021-Jul-21 00:00 02 47 10.89 +15 41 06.5
 2021-Jul-22 00:00 02 47 16.54 +15 41 31.0
 2021-Jul-23 00:00 02 47 22.01 +15 41 54.8
 2021-Jul-24 00:00 02 47 27.30 +15 42 17.7
 2021-Jul-25 00:00 02 47 32.41 +15 42 39.7
 2021-Jul-26 00:00 02 47 37.34 +15 43 01.0
 2021-Jul-27 00:00 02 47 42.09 +15 43 21.4
 2021-Jul-28 00:00 02 47 46.65 +15 43 41.0
 2021-Jul-29 00:00 02 47 51.02 +15 43 59.7
 2021-Jul-30 00:00 02 47 55.21 +15 44 17.6
 2021-Jul-31 00:00 02 47 59.21 +15 44 34.7
 2021-Aug-01 00:00 02 48 03.03 +15 44 50.9
 2021-Aug-02 00:00 02 48 06.65 +15 45 06.2
 2021-Aug-03 00:00 02 48 10.08 +15 45 20.7
 2021-Aug-04 00:00 02 48 13.31 +15 45 34.3
 2021-Aug-05 00:00 02 48 16.36 +15 45 47.0
 2021-Aug-06 00:00 02 48 19.21 +15 45 58.9
 2021-Aug-07 00:00 02 48 21.86 +15 46 09.9
 2021-Aug-08 00:00 02 48 24.32 +15 46 20.0
 2021-Aug-09 00:00 02 48 26.58 +15 46 29.3
 2021-Aug-10 00:00 02 48 28.65 +15 46 37.6
 2021-Aug-11 00:00 02 48 30.52 +15 46 45.1
 2021-Aug-12 00:00 02 48 32.19 +15 46 51.7
 2021-Aug-13 00:00 02 48 33.66 +15 46 57.4
 2021-Aug-14 00:00 02 48 34.94 +15 47 02.2
 2021-Aug-15 00:00 02 48 36.02 +15 47 06.2
 2021-Aug-16 00:00 02 48 36.90 +15 47 09.2
 2021-Aug-17 00:00 02 48 37.58 +15 47 11.4
 2021-Aug-18 00:00 02 48 38.06 +15 47 12.7
 2021-Aug-19 00:00 02 48 38.35 +15 47 13.2
 2021-Aug-20 00:00 02 48 38.44 +15 47 12.7
 2021-Aug-21 00:00 02 48 38.34 +15 47 11.4
 2021-Aug-22 00:00 02 48 38.04 +15 47 09.2
 2021-Aug-23 00:00 02 48 37.54 +15 47 06.2
 2021-Aug-24 00:00 02 48 36.85 +15 47 02.3
 2021-Aug-25 00:00 02 48 35.96 +15 46 57.5
 2021-Aug-26 00:00 02 48 34.87 +15 46 51.9
 2021-Aug-27 00:00 02 48 33.59 +15 46 45.4
 2021-Aug-28 00:00 02 48 32.12 +15 46 38.0
 2021-Aug-29 00:00 02 48 30.45 +15 46 29.8
 2021-Aug-30 00:00 02 48 28.58 +15 46 20.7
 2021-Aug-31 00:00 02 48 26.53 +15 46 10.7
 2021-Sep-01 00:00 02 48 24.28 +15 46 00.0
 2021-Sep-02 00:00 02 48 21.83 +15 45 48.3
 2021-Sep-03 00:00 02 48 19.20 +15 45 35.8
 2021-Sep-04 00:00 02 48 16.38 +15 45 22.5
 2021-Sep-05 00:00 02 48 13.37 +15 45 08.3
 2021-Sep-06 00:00 02 48 10.16 +15 44 53.3
 2021-Sep-07 00:00 02 48 06.78 +15 44 37.5
 2021-Sep-08 00:00 02 48 03.20 +15 44 20.8
 2021-Sep-09 00:00 02 47 59.44 +15 44 03.3
 2021-Sep-10 00:00 02 47 55.50 +15 43 45.0
 2021-Sep-11 00:00 02 47 51.38 +15 43 25.9
 2021-Sep-12 00:00 02 47 47.08 +15 43 06.1
 2021-Sep-13 00:00 02 47 42.60 +15 42 45.4
 2021-Sep-14 00:00 02 47 37.95 +15 42 23.9
 2021-Sep-15 00:00 02 47 33.13 +15 42 01.7
 2021-Sep-16 00:00 02 47 28.13 +15 41 38.8
 2021-Sep-17 00:00 02 47 22.97 +15 41 15.0
 2021-Sep-18 00:00 02 47 17.64 +15 40 50.6
 2021-Sep-19 00:00 02 47 12.14 +15 40 25.4
 2021-Sep-20 00:00 02 47 06.49 +15 39 59.5
 2021-Sep-21 00:00 02 47 00.67 +15 39 32.9
 2021-Sep-22 00:00 02 46 54.69 +15 39 05.5
 2021-Sep-23 00:00 02 46 48.56 +15 38 37.5
 2021-Sep-24 00:00 02 46 42.27 +15 38 08.8
 2021-Sep-25 00:00 02 46 35.83 +15 37 39.4
 2021-Sep-26 00:00 02 46 29.25 +15 37 09.4
 2021-Sep-27 00:00 02 46 22.51 +15 36 38.6
 2021-Sep-28 00:00 02 46 15.63 +15 36 07.3
 2021-Sep-29 00:00 02 46 08.61 +15 35 35.3
 2021-Sep-30 00:00 02 46 01.45 +15 35 02.7
 2021-Oct-01 00:00 02 45 54.15 +15 34 29.4
 2021-Oct-02 00:00 02 45 46.72 +15 33 55.6
 2021-Oct-03 00:00 02 45 39.16 +15 33 21.2
 2021-Oct-04 00:00 02 45 31.47 +15 32 46.1
 2021-Oct-05 00:00 02 45 23.66 +15 32 10.6
 2021-Oct-06 00:00 02 45 15.73 +15 31 34.5
 2021-Oct-07 00:00 02 45 07.68 +15 30 57.8
 2021-Oct-08 00:00 02 44 59.51 +15 30 20.6
 2021-Oct-09 00:00 02 44 51.23 +15 29 43.0
 2021-Oct-10 00:00 02 44 42.85 +15 29 04.8
 2021-Oct-11 00:00 02 44 34.37 +15 28 26.2
 2021-Oct-12 00:00 02 44 25.78 +15 27 47.1
 2021-Oct-13 00:00 02 44 17.10 +15 27 07.6
 2021-Oct-14 00:00 02 44 08.33 +15 26 27.7
 2021-Oct-15 00:00 02 43 59.47 +15 25 47.3
 2021-Oct-16 00:00 02 43 50.53 +15 25 06.6
 2021-Oct-17 00:00 02 43 41.51 +15 24 25.5
 2021-Oct-18 00:00 02 43 32.41 +15 23 44.1
 2021-Oct-19 00:00 02 43 23.23 +15 23 02.3
 2021-Oct-20 00:00 02 43 13.99 +15 22 20.3
 2021-Oct-21 00:00 02 43 04.68 +15 21 37.9
 2021-Oct-22 00:00 02 42 55.32 +15 20 55.2
 2021-Oct-23 00:00 02 42 45.89 +15 20 12.3
 2021-Oct-24 00:00 02 42 36.41 +15 19 29.1
 2021-Oct-25 00:00 02 42 26.88 +15 18 45.7
 2021-Oct-26 00:00 02 42 17.30 +15 18 02.0
 2021-Oct-27 00:00 02 42 07.68 +15 17 18.2
 2021-Oct-28 00:00 02 41 58.02 +15 16 34.1
 2021-Oct-29 00:00 02 41 48.33 +15 15 49.9
 2021-Oct-30 00:00 02 41 38.61 +15 15 05.6
 2021-Oct-31 00:00 02 41 28.86 +15 14 21.1
 2021-Nov-01 00:00 02 41 19.09 +15 13 36.6
 2021-Nov-02 00:00 02 41 09.30 +15 12 51.9
 2021-Nov-03 00:00 02 40 59.50 +15 12 07.2
 2021-Nov-04 00:00 02 40 49.69 +15 11 22.4
 2021-Nov-05 00:00 02 40 39.88 +15 10 37.6
 2021-Nov-06 00:00 02 40 30.07 +15 09 52.8
 2021-Nov-07 00:00 02 40 20.26 +15 09 08.0
 2021-Nov-08 00:00 02 40 10.47 +15 08 23.3
 2021-Nov-09 00:00 02 40 00.68 +15 07 38.6
 2021-Nov-10 00:00 02 39 50.92 +15 06 54.0
 2021-Nov-11 00:00 02 39 41.18 +15 06 09.5
 2021-Nov-12 00:00 02 39 31.47 +15 05 25.2
 2021-Nov-13 00:00 02 39 21.79 +15 04 41.0
 2021-Nov-14 00:00 02 39 12.15 +15 03 56.9
 2021-Nov-15 00:00 02 39 02.55 +15 03 13.0
 2021-Nov-16 00:00 02 38 52.99 +15 02 29.4
 2021-Nov-17 00:00 02 38 43.48 +15 01 45.9
 2021-Nov-18 00:00 02 38 34.02 +15 01 02.7
 2021-Nov-19 00:00 02 38 24.62 +15 00 19.8
 2021-Nov-20 00:00 02 38 15.28 +14 59 37.1
 2021-Nov-21 00:00 02 38 06.00 +14 58 54.7
 2021-Nov-22 00:00 02 37 56.79 +14 58 12.6
 2021-Nov-23 00:00 02 37 47.66 +14 57 30.9
 2021-Nov-24 00:00 02 37 38.59 +14 56 49.5
 2021-Nov-25 00:00 02 37 29.61 +14 56 08.5
 2021-Nov-26 00:00 02 37 20.71 +14 55 27.9
 2021-Nov-27 00:00 02 37 11.90 +14 54 47.6
 2021-Nov-28 00:00 02 37 03.18 +14 54 07.8
 2021-Nov-29 00:00 02 36 54.56 +14 53 28.5
 2021-Nov-30 00:00 02 36 46.03 +14 52 49.6
 2021-Dec-01 00:00 02 36 37.61 +14 52 11.1
 2021-Dec-02 00:00 02 36 29.29 +14 51 33.2
 2021-Dec-03 00:00 02 36 21.09 +14 50 55.8
 2021-Dec-04 00:00 02 36 13.00 +14 50 19.0
 2021-Dec-05 00:00 02 36 05.03 +14 49 42.7
 2021-Dec-06 00:00 02 35 57.18 +14 49 07.0
 2021-Dec-07 00:00 02 35 49.46 +14 48 31.8
 2021-Dec-08 00:00 02 35 41.86 +14 47 57.3
 2021-Dec-09 00:00 02 35 34.40 +14 47 23.5
 2021-Dec-10 00:00 02 35 27.08 +14 46 50.2
 2021-Dec-11 00:00 02 35 19.90 +14 46 17.7
 2021-Dec-12 00:00 02 35 12.86 +14 45 45.8
 2021-Dec-13 00:00 02 35 05.96 +14 45 14.6
 2021-Dec-14 00:00 02 34 59.21 +14 44 44.1
 2021-Dec-15 00:00 02 34 52.61 +14 44 14.3
 2021-Dec-16 00:00 02 34 46.17 +14 43 45.2
 2021-Dec-17 00:00 02 34 39.88 +14 43 16.9
 2021-Dec-18 00:00 02 34 33.75 +14 42 49.4
 2021-Dec-19 00:00 02 34 27.78 +14 42 22.6
 2021-Dec-20 00:00 02 34 21.97 +14 41 56.6
 2021-Dec-21 00:00 02 34 16.33 +14 41 31.4
 2021-Dec-22 00:00 02 34 10.86 +14 41 06.9
 2021-Dec-23 00:00 02 34 05.56 +14 40 43.3
 2021-Dec-24 00:00 02 34 00.43 +14 40 20.6
 2021-Dec-25 00:00 02 33 55.48 +14 39 58.6
 2021-Dec-26 00:00 02 33 50.70 +14 39 37.5
 2021-Dec-27 00:00 02 33 46.10 +14 39 17.3
 2021-Dec-28 00:00 02 33 41.68 +14 38 57.9
 2021-Dec-29 00:00 02 33 37.45 +14 38 39.4
 2021-Dec-30 00:00 02 33 33.40 +14 38 21.8
 2021-Dec-31 00:00 02 33 29.54 +14 38 05.1
 2022-Jan-01 00:00 02 33 25.87 +14 37 49.3
 2022-Jan-02 00:00 02 33 22.40 +14 37 34.4
 2022-Jan-03 00:00 02 33 19.11 +14 37 20.4
 2022-Jan-04 00:00 02 33 16.02 +14 37 07.4
 2022-Jan-05 00:00 02 33 13.13 +14 36 55.3
 2022-Jan-06 00:00 02 33 10.43 +14 36 44.2
 2022-Jan-07 00:00 02 33 07.93 +14 36 34.0
 2022-Jan-08 00:00 02 33 05.64 +14 36 24.8
 2022-Jan-09 00:00 02 33 03.54 +14 36 16.6
 2022-Jan-10 00:00 02 33 01.65 +14 36 09.3
 2022-Jan-11 00:00 02 32 59.96 +14 36 03.0
 2022-Jan-12 00:00 02 32 58.47 +14 35 57.7
 2022-Jan-13 00:00 02 32 57.18 +14 35 53.3
 2022-Jan-14 00:00 02 32 56.10 +14 35 49.9
 2022-Jan-15 00:00 02 32 55.22 +14 35 47.5
 2022-Jan-16 00:00 02 32 54.55 +14 35 46.1
 2022-Jan-17 00:00 02 32 54.08 +14 35 45.7
 2022-Jan-18 00:00 02 32 53.82 +14 35 46.2
 2022-Jan-19 00:00 02 32 53.76 +14 35 47.8
 2022-Jan-20 00:00 02 32 53.91 +14 35 50.3
 2022-Jan-21 00:00 02 32 54.27 +14 35 53.8
 2022-Jan-22 00:00 02 32 54.83 +14 35 58.2
 2022-Jan-23 00:00 02 32 55.60 +14 36 03.7
 2022-Jan-24 00:00 02 32 56.57 +14 36 10.2
 2022-Jan-25 00:00 02 32 57.75 +14 36 17.6
 2022-Jan-26 00:00 02 32 59.14 +14 36 26.0
 2022-Jan-27 00:00 02 33 00.73 +14 36 35.4
 2022-Jan-28 00:00 02 33 02.54 +14 36 45.8
 2022-Jan-29 00:00 02 33 04.54 +14 36 57.2
 2022-Jan-30 00:00 02 33 06.76 +14 37 09.5
 2022-Jan-31 00:00 02 33 09.18 +14 37 22.8
 2022-Feb-01 00:00 02 33 11.81 +14 37 37.2
 2022-Feb-02 00:00 02 33 14.64 +14 37 52.4
 2022-Feb-03 00:00 02 33 17.68 +14 38 08.7
 2022-Feb-04 00:00 02 33 20.92 +14 38 25.9
 2022-Feb-05 00:00 02 33 24.36 +14 38 44.1
 2022-Feb-06 00:00 02 33 28.00 +14 39 03.2
 2022-Feb-07 00:00 02 33 31.85 +14 39 23.3
 2022-Feb-08 00:00 02 33 35.89 +14 39 44.3
 2022-Feb-09 00:00 02 33 40.14 +14 40 06.3
 2022-Feb-10 00:00 02 33 44.58 +14 40 29.2
 2022-Feb-11 00:00 02 33 49.21 +14 40 52.9
 2022-Feb-12 00:00 02 33 54.04 +14 41 17.6
 2022-Feb-13 00:00 02 33 59.06 +14 41 43.2
 2022-Feb-14 00:00 02 34 04.28 +14 42 09.7
 2022-Feb-15 00:00 02 34 09.68 +14 42 37.1
 2022-Feb-16 00:00 02 34 15.27 +14 43 05.4
 2022-Feb-17 00:00 02 34 21.05 +14 43 34.5
 2022-Feb-18 00:00 02 34 27.02 +14 44 04.5
 2022-Feb-19 00:00 02 34 33.17 +14 44 35.3
 2022-Feb-20 00:00 02 34 39.50 +14 45 07.0
 2022-Feb-21 00:00 02 34 46.02 +14 45 39.5
 2022-Feb-22 00:00 02 34 52.71 +14 46 12.8
 2022-Feb-23 00:00 02 34 59.59 +14 46 47.0
 2022-Feb-24 00:00 02 35 06.64 +14 47 22.0
 2022-Feb-25 00:00 02 35 13.87 +14 47 57.7
 2022-Feb-26 00:00 02 35 21.27 +14 48 34.3
 2022-Feb-27 00:00 02 35 28.84 +14 49 11.7
 2022-Feb-28 00:00 02 35 36.59 +14 49 49.8
 2022-Mar-01 00:00 02 35 44.51 +14 50 28.7
 2022-Mar-02 00:00 02 35 52.59 +14 51 08.4
 2022-Mar-03 00:00 02 36 00.84 +14 51 48.8
 2022-Mar-04 00:00 02 36 09.25 +14 52 30.0
 2022-Mar-05 00:00 02 36 17.82 +14 53 11.8
 2022-Mar-06 00:00 02 36 26.55 +14 53 54.4
 2022-Mar-07 00:00 02 36 35.44 +14 54 37.7
 2022-Mar-08 00:00 02 36 44.48 +14 55 21.7
 2022-Mar-09 00:00 02 36 53.67 +14 56 06.3
 2022-Mar-10 00:00 02 37 03.02 +14 56 51.6
 2022-Mar-11 00:00 02 37 12.51 +14 57 37.5
 2022-Mar-12 00:00 02 37 22.14 +14 58 24.1
 2022-Mar-13 00:00 02 37 31.92 +14 59 11.3
 2022-Mar-14 00:00 02 37 41.83 +14 59 59.0
 2022-Mar-15 00:00 02 37 51.89 +15 00 47.4
 2022-Mar-16 00:00 02 38 02.07 +15 01 36.4
 2022-Mar-17 00:00 02 38 12.40 +15 02 25.9
 2022-Mar-18 00:00 02 38 22.85 +15 03 16.0
 2022-Mar-19 00:00 02 38 33.43 +15 04 06.7
 2022-Mar-20 00:00 02 38 44.14 +15 04 57.8
 2022-Mar-21 00:00 02 38 54.97 +15 05 49.5
 2022-Mar-22 00:00 02 39 05.92 +15 06 41.7
 2022-Mar-23 00:00 02 39 16.99 +15 07 34.4
 2022-Mar-24 00:00 02 39 28.18 +15 08 27.6
 2022-Mar-25 00:00 02 39 39.49 +15 09 21.3
 2022-Mar-26 00:00 02 39 50.91 +15 10 15.4
 2022-Mar-27 00:00 02 40 02.44 +15 11 10.0
 2022-Mar-28 00:00 02 40 14.07 +15 12 05.0
 2022-Mar-29 00:00 02 40 25.82 +15 13 00.5
 2022-Mar-30 00:00 02 40 37.66 +15 13 56.3
 2022-Mar-31 00:00 02 40 49.61 +15 14 52.6
 2022-Apr-01 00:00 02 41 01.65 +15 15 49.2
 2022-Apr-02 00:00 02 41 13.79 +15 16 46.3
 2022-Apr-03 00:00 02 41 26.02 +15 17 43.6
 2022-Apr-04 00:00 02 41 38.34 +15 18 41.4
 2022-Apr-05 00:00 02 41 50.75 +15 19 39.4
 2022-Apr-06 00:00 02 42 03.24 +15 20 37.8
 2022-Apr-07 00:00 02 42 15.81 +15 21 36.4
 2022-Apr-08 00:00 02 42 28.46 +15 22 35.4
 2022-Apr-09 00:00 02 42 41.18 +15 23 34.6
 2022-Apr-10 00:00 02 42 53.98 +15 24 34.1
 2022-Apr-11 00:00 02 43 06.84 +15 25 33.8
 2022-Apr-12 00:00 02 43 19.78 +15 26 33.7
 2022-Apr-13 00:00 02 43 32.77 +15 27 33.9
 2022-Apr-14 00:00 02 43 45.83 +15 28 34.3
 2022-Apr-15 00:00 02 43 58.95 +15 29 34.8
 2022-Apr-16 00:00 02 44 12.13 +15 30 35.6
 2022-Apr-17 00:00 02 44 25.36 +15 31 36.5
 2022-Apr-18 00:00 02 44 38.64 +15 32 37.5
 2022-Apr-19 00:00 02 44 51.97 +15 33 38.7
 2022-Apr-20 00:00 02 45 05.35 +15 34 40.1
 2022-Apr-21 00:00 02 45 18.77 +15 35 41.5
 2022-Apr-22 00:00 02 45 32.23 +15 36 43.1
 2022-Apr-23 00:00 02 45 45.74 +15 37 44.8
 2022-Apr-24 00:00 02 45 59.28 +15 38 46.6
 2022-Apr-25 00:00 02 46 12.85 +15 39 48.4
 2022-Apr-26 00:00 02 46 26.46 +15 40 50.3
 2022-Apr-27 00:00 02 46 40.09 +15 41 52.2
 2022-Apr-28 00:00 02 46 53.75 +15 42 54.2
 2022-Apr-29 00:00 02 47 07.44 +15 43 56.2
 2022-Apr-30 00:00 02 47 21.14 +15 44 58.2
 2022-May-01 00:00 02 47 34.86 +15 46 00.2
 2022-May-02 00:00 02 47 48.59 +15 47 02.2
 2022-May-03 00:00 02 48 02.34 +15 48 04.2
 2022-May-04 00:00 02 48 16.10 +15 49 06.1
 2022-May-05 00:00 02 48 29.86 +15 50 07.9
 2022-May-06 00:00 02 48 43.62 +15 51 09.7
 2022-May-07 00:00 02 48 57.38 +15 52 11.4
 2022-May-08 00:00 02 49 11.14 +15 53 12.9
 2022-May-09 00:00 02 49 24.90 +15 54 14.4
 2022-May-10 00:00 02 49 38.64 +15 55 15.8
 2022-May-11 00:00 02 49 52.38 +15 56 17.0
 2022-May-12 00:00 02 50 06.10 +15 57 18.1
 2022-May-13 00:00 02 50 19.81 +15 58 19.0
 2022-May-14 00:00 02 50 33.49 +15 59 19.8
 2022-May-15 00:00 02 50 47.16 +16 00 20.3
 2022-May-16 00:00 02 51 00.80 +16 01 20.7
 2022-May-17 00:00 02 51 14.42 +16 02 20.9
 2022-May-18 00:00 02 51 28.00 +16 03 20.9
 2022-May-19 00:00 02 51 41.56 +16 04 20.7
 2022-May-20 00:00 02 51 55.09 +16 05 20.2
 2022-May-21 00:00 02 52 08.58 +16 06 19.6
 2022-May-22 00:00 02 52 22.03 +16 07 18.6
 2022-May-23 00:00 02 52 35.44 +16 08 17.4
 2022-May-24 00:00 02 52 48.80 +16 09 16.0
 2022-May-25 00:00 02 53 02.12 +16 10 14.3
 2022-May-26 00:00 02 53 15.40 +16 11 12.2
 2022-May-27 00:00 02 53 28.62 +16 12 09.9
 2022-May-28 00:00 02 53 41.78 +16 13 07.3
 2022-May-29 00:00 02 53 54.89 +16 14 04.3
 2022-May-30 00:00 02 54 07.94 +16 15 01.0
 2022-May-31 00:00 02 54 20.93 +16 15 57.4
 2022-Jun-01 00:00 02 54 33.85 +16 16 53.3
 2022-Jun-02 00:00 02 54 46.70 +16 17 49.0
 2022-Jun-03 00:00 02 54 59.48 +16 18 44.2
 2022-Jun-04 00:00 02 55 12.19 +16 19 39.0
 2022-Jun-05 00:00 02 55 24.82 +16 20 33.5
 2022-Jun-06 00:00 02 55 37.38 +16 21 27.5
 2022-Jun-07 00:00 02 55 49.85 +16 22 21.1
 2022-Jun-08 00:00 02 56 02.24 +16 23 14.3
 2022-Jun-09 00:00 02 56 14.54 +16 24 07.1
 2022-Jun-10 00:00 02 56 26.76 +16 24 59.3
 2022-Jun-11 00:00 02 56 38.88 +16 25 51.2
 2022-Jun-12 00:00 02 56 50.91 +16 26 42.6
 2022-Jun-13 00:00 02 57 02.85 +16 27 33.5
 2022-Jun-14 00:00 02 57 14.69 +16 28 23.9
 2022-Jun-15 00:00 02 57 26.43 +16 29 13.8
 2022-Jun-16 00:00 02 57 38.07 +16 30 03.3
 2022-Jun-17 00:00 02 57 49.61 +16 30 52.2
 2022-Jun-18 00:00 02 58 01.04 +16 31 40.6
 2022-Jun-19 00:00 02 58 12.36 +16 32 28.6
 2022-Jun-20 00:00 02 58 23.58 +16 33 15.9
 2022-Jun-21 00:00 02 58 34.68 +16 34 02.8
 2022-Jun-22 00:00 02 58 45.66 +16 34 49.1
 2022-Jun-23 00:00 02 58 56.53 +16 35 34.9
 2022-Jun-24 00:00 02 59 07.28 +16 36 20.1
 2022-Jun-25 00:00 02 59 17.90 +16 37 04.7
 2022-Jun-26 00:00 02 59 28.41 +16 37 48.8
 2022-Jun-27 00:00 02 59 38.78 +16 38 32.2
 2022-Jun-28 00:00 02 59 49.02 +16 39 15.1
 2022-Jun-29 00:00 02 59 59.14 +16 39 57.3
 2022-Jun-30 00:00 03 00 09.12 +16 40 39.0
 2022-Jul-01 00:00 03 00 18.96 +16 41 20.0
 2022-Jul-02 00:00 03 00 28.66 +16 42 00.4
 2022-Jul-03 00:00 03 00 38.22 +16 42 40.1
 2022-Jul-04 00:00 03 00 47.64 +16 43 19.2
 2022-Jul-05 00:00 03 00 56.92 +16 43 57.7
 2022-Jul-06 00:00 03 01 06.05 +16 44 35.5
 2022-Jul-07 00:00 03 01 15.02 +16 45 12.6
 2022-Jul-08 00:00 03 01 23.85 +16 45 49.1
 2022-Jul-09 00:00 03 01 32.53 +16 46 24.9
 2022-Jul-10 00:00 03 01 41.05 +16 47 00.0
 2022-Jul-11 00:00 03 01 49.42 +16 47 34.4
 2022-Jul-12 00:00 03 01 57.63 +16 48 08.2
 2022-Jul-13 00:00 03 02 05.68 +16 48 41.2
 2022-Jul-14 00:00 03 02 13.58 +16 49 13.6
 2022-Jul-15 00:00 03 02 21.31 +16 49 45.2
 2022-Jul-16 00:00 03 02 28.87 +16 50 16.1
 2022-Jul-17 00:00 03 02 36.28 +16 50 46.4
 2022-Jul-18 00:00 03 02 43.51 +16 51 15.9
 2022-Jul-19 00:00 03 02 50.58 +16 51 44.7
 2022-Jul-20 00:00 03 02 57.48 +16 52 12.7
 2022-Jul-21 00:00 03 03 04.20 +16 52 40.0
 2022-Jul-22 00:00 03 03 10.75 +16 53 06.6
 2022-Jul-23 00:00 03 03 17.12 +16 53 32.4
 2022-Jul-24 00:00 03 03 23.32 +16 53 57.5
 2022-Jul-25 00:00 03 03 29.34 +16 54 21.8
 2022-Jul-26 00:00 03 03 35.18 +16 54 45.3
 2022-Jul-27 00:00 03 03 40.83 +16 55 08.1
 2022-Jul-28 00:00 03 03 46.30 +16 55 30.0
 2022-Jul-29 00:00 03 03 51.59 +16 55 51.3
 2022-Jul-30 00:00 03 03 56.69 +16 56 11.7
 2022-Jul-31 00:00 03 04 01.60 +16 56 31.3
 2022-Aug-01 00:00 03 04 06.33 +16 56 50.1
 2022-Aug-02 00:00 03 04 10.86 +16 57 08.2
 2022-Aug-03 00:00 03 04 15.21 +16 57 25.4
 2022-Aug-04 00:00 03 04 19.36 +16 57 41.9
 2022-Aug-05 00:00 03 04 23.32 +16 57 57.5
 2022-Aug-06 00:00 03 04 27.08 +16 58 12.3
 2022-Aug-07 00:00 03 04 30.66 +16 58 26.4
 2022-Aug-08 00:00 03 04 34.03 +16 58 39.6
 2022-Aug-09 00:00 03 04 37.22 +16 58 52.0
 2022-Aug-10 00:00 03 04 40.21 +16 59 03.6
 2022-Aug-11 00:00 03 04 43.00 +16 59 14.4
 2022-Aug-12 00:00 03 04 45.59 +16 59 24.4
 2022-Aug-13 00:00 03 04 47.99 +16 59 33.6
 2022-Aug-14 00:00 03 04 50.19 +16 59 42.0
 2022-Aug-15 00:00 03 04 52.20 +16 59 49.5
 2022-Aug-16 00:00 03 04 54.00 +16 59 56.3
 2022-Aug-17 00:00 03 04 55.60 +17 00 02.2
 2022-Aug-18 00:00 03 04 57.01 +17 00 07.3
 2022-Aug-19 00:00 03 04 58.21 +17 00 11.5
 2022-Aug-20 00:00 03 04 59.22 +17 00 15.0
 2022-Aug-21 00:00 03 05 00.02 +17 00 17.6
 2022-Aug-22 00:00 03 05 00.62 +17 00 19.4
 2022-Aug-23 00:00 03 05 01.02 +17 00 20.4
 2022-Aug-24 00:00 03 05 01.21 +17 00 20.5
 2022-Aug-25 00:00 03 05 01.21 +17 00 19.9
 2022-Aug-26 00:00 03 05 01.00 +17 00 18.4
 2022-Aug-27 00:00 03 05 00.59 +17 00 16.0
 2022-Aug-28 00:00 03 04 59.98 +17 00 12.9
 2022-Aug-29 00:00 03 04 59.17 +17 00 08.9
 2022-Aug-30 00:00 03 04 58.15 +17 00 04.1
 2022-Aug-31 00:00 03 04 56.94 +16 59 58.5
 2022-Sep-01 00:00 03 04 55.53 +16 59 52.0
 2022-Sep-02 00:00 03 04 53.92 +16 59 44.8
 2022-Sep-03 00:00 03 04 52.11 +16 59 36.7
 2022-Sep-04 00:00 03 04 50.11 +16 59 27.9
 2022-Sep-05 00:00 03 04 47.91 +16 59 18.3
 2022-Sep-06 00:00 03 04 45.51 +16 59 07.8
 2022-Sep-07 00:00 03 04 42.92 +16 58 56.6
 2022-Sep-08 00:00 03 04 40.14 +16 58 44.6
 2022-Sep-09 00:00 03 04 37.17 +16 58 31.8
 2022-Sep-10 00:00 03 04 34.01 +16 58 18.3
 2022-Sep-11 00:00 03 04 30.66 +16 58 03.9
 2022-Sep-12 00:00 03 04 27.13 +16 57 48.8
 2022-Sep-13 00:00 03 04 23.40 +16 57 33.0
 2022-Sep-14 00:00 03 04 19.49 +16 57 16.4
 2022-Sep-15 00:00 03 04 15.40 +16 56 59.0
 2022-Sep-16 00:00 03 04 11.13 +16 56 40.9
 2022-Sep-17 00:00 03 04 06.67 +16 56 22.1
 2022-Sep-18 00:00 03 04 02.04 +16 56 02.5
 2022-Sep-19 00:00 03 03 57.22 +16 55 42.2
 2022-Sep-20 00:00 03 03 52.23 +16 55 21.1
 2022-Sep-21 00:00 03 03 47.07 +16 54 59.4
 2022-Sep-22 00:00 03 03 41.73 +16 54 36.9
 2022-Sep-23 00:00 03 03 36.22 +16 54 13.7
 2022-Sep-24 00:00 03 03 30.55 +16 53 49.8
 2022-Sep-25 00:00 03 03 24.70 +16 53 25.3
 2022-Sep-26 00:00 03 03 18.70 +16 53 00.0
 2022-Sep-27 00:00 03 03 12.53 +16 52 34.1
 2022-Sep-28 00:00 03 03 06.20 +16 52 07.6
 2022-Sep-29 00:00 03 02 59.72 +16 51 40.4
 2022-Sep-30 00:00 03 02 53.08 +16 51 12.5
 2022-Oct-01 00:00 03 02 46.30 +16 50 44.0
 2022-Oct-02 00:00 03 02 39.36 +16 50 15.0
 2022-Oct-03 00:00 03 02 32.29 +16 49 45.3
 2022-Oct-04 00:00 03 02 25.07 +16 49 15.0
 2022-Oct-05 00:00 03 02 17.71 +16 48 44.2
 2022-Oct-06 00:00 03 02 10.22 +16 48 12.8
 2022-Oct-07 00:00 03 02 02.60 +16 47 40.9
 2022-Oct-08 00:00 03 01 54.85 +16 47 08.4
 2022-Oct-09 00:00 03 01 46.97 +16 46 35.4
 2022-Oct-10 00:00 03 01 38.97 +16 46 01.9
 2022-Oct-11 00:00 03 01 30.85 +16 45 27.8
 2022-Oct-12 00:00 03 01 22.61 +16 44 53.3
 2022-Oct-13 00:00 03 01 14.26 +16 44 18.3
 2022-Oct-14 00:00 03 01 05.80 +16 43 42.8
 2022-Oct-15 00:00 03 00 57.23 +16 43 06.9
 2022-Oct-16 00:00 03 00 48.56 +16 42 30.6
 2022-Oct-17 00:00 03 00 39.79 +16 41 53.8
 2022-Oct-18 00:00 03 00 30.92 +16 41 16.6
 2022-Oct-19 00:00 03 00 21.96 +16 40 39.0
 2022-Oct-20 00:00 03 00 12.91 +16 40 01.0
 2022-Oct-21 00:00 03 00 03.78 +16 39 22.6
 2022-Oct-22 00:00 02 59 54.56 +16 38 43.9
 2022-Oct-23 00:00 02 59 45.27 +16 38 04.9
 2022-Oct-24 00:00 02 59 35.90 +16 37 25.5
 2022-Oct-25 00:00 02 59 26.47 +16 36 45.8
 2022-Oct-26 00:00 02 59 16.96 +16 36 05.9
 2022-Oct-27 00:00 02 59 07.40 +16 35 25.7
 2022-Oct-28 00:00 02 58 57.78 +16 34 45.2
 2022-Oct-29 00:00 02 58 48.11 +16 34 04.5
 2022-Oct-30 00:00 02 58 38.40 +16 33 23.6
 2022-Oct-31 00:00 02 58 28.64 +16 32 42.5
 2022-Nov-01 00:00 02 58 18.84 +16 32 01.2
 2022-Nov-02 00:00 02 58 09.01 +16 31 19.8
 2022-Nov-03 00:00 02 57 59.15 +16 30 38.3
 2022-Nov-04 00:00 02 57 49.26 +16 29 56.6
 2022-Nov-05 00:00 02 57 39.35 +16 29 14.8
 2022-Nov-06 00:00 02 57 29.42 +16 28 33.0
 2022-Nov-07 00:00 02 57 19.48 +16 27 51.0
 2022-Nov-08 00:00 02 57 09.54 +16 27 09.1
 2022-Nov-09 00:00 02 56 59.58 +16 26 27.0
 2022-Nov-10 00:00 02 56 49.63 +16 25 45.0
 2022-Nov-11 00:00 02 56 39.68 +16 25 03.0
 2022-Nov-12 00:00 02 56 29.74 +16 24 21.0
 2022-Nov-13 00:00 02 56 19.81 +16 23 39.0
 2022-Nov-14 00:00 02 56 09.89 +16 22 57.1
 2022-Nov-15 00:00 02 56 00.00 +16 22 15.3
 2022-Nov-16 00:00 02 55 50.13 +16 21 33.5
 2022-Nov-17 00:00 02 55 40.29 +16 20 51.9
 2022-Nov-18 00:00 02 55 30.48 +16 20 10.4
 2022-Nov-19 00:00 02 55 20.71 +16 19 29.1
 2022-Nov-20 00:00 02 55 10.98 +16 18 47.9
 2022-Nov-21 00:00 02 55 01.30 +16 18 06.9
 2022-Nov-22 00:00 02 54 51.67 +16 17 26.1
 2022-Nov-23 00:00 02 54 42.09 +16 16 45.5
 2022-Nov-24 00:00 02 54 32.58 +16 16 05.2
 2022-Nov-25 00:00 02 54 23.13 +16 15 25.2
 2022-Nov-26 00:00 02 54 13.75 +16 14 45.5
 2022-Nov-27 00:00 02 54 04.44 +16 14 06.0
 2022-Nov-28 00:00 02 53 55.21 +16 13 26.9
 2022-Nov-29 00:00 02 53 46.06 +16 12 48.2
 2022-Nov-30 00:00 02 53 37.00 +16 12 09.8
 2022-Dec-01 00:00 02 53 28.03 +16 11 31.8
 2022-Dec-02 00:00 02 53 19.15 +16 10 54.2
 2022-Dec-03 00:00 02 53 10.37 +16 10 17.0
 2022-Dec-04 00:00 02 53 01.69 +16 09 40.3
 2022-Dec-05 00:00 02 52 53.12 +16 09 04.0
 2022-Dec-06 00:00 02 52 44.65 +16 08 28.2
 2022-Dec-07 00:00 02 52 36.30 +16 07 52.8
 2022-Dec-08 00:00 02 52 28.06 +16 07 18.0
 2022-Dec-09 00:00 02 52 19.94 +16 06 43.6
 2022-Dec-10 00:00 02 52 11.94 +16 06 09.8
 2022-Dec-11 00:00 02 52 04.07 +16 05 36.6
 2022-Dec-12 00:00 02 51 56.32 +16 05 03.9
 2022-Dec-13 00:00 02 51 48.71 +16 04 31.8
 2022-Dec-14 00:00 02 51 41.24 +16 04 00.2
 2022-Dec-15 00:00 02 51 33.90 +16 03 29.3
 2022-Dec-16 00:00 02 51 26.70 +16 02 59.0
 2022-Dec-17 00:00 02 51 19.65 +16 02 29.3
 2022-Dec-18 00:00 02 51 12.75 +16 02 00.3
 2022-Dec-19 00:00 02 51 05.99 +16 01 31.9
 2022-Dec-20 00:00 02 50 59.40 +16 01 04.2
 2022-Dec-21 00:00 02 50 52.96 +16 00 37.2
 2022-Dec-22 00:00 02 50 46.68 +16 00 10.9
 2022-Dec-23 00:00 02 50 40.56 +15 59 45.4
 2022-Dec-24 00:00 02 50 34.61 +15 59 20.6
 2022-Dec-25 00:00 02 50 28.84 +15 58 56.5
 2022-Dec-26 00:00 02 50 23.23 +15 58 33.2
 2022-Dec-27 00:00 02 50 17.80 +15 58 10.6
 2022-Dec-28 00:00 02 50 12.54 +15 57 48.9
 2022-Dec-29 00:00 02 50 07.47 +15 57 28.0
 2022-Dec-30 00:00 02 50 02.57 +15 57 07.8
 2022-Dec-31 00:00 02 49 57.86 +15 56 48.5
 2023-Jan-01 00:00 02 49 53.33 +15 56 30.0
 2023-Jan-02 00:00 02 49 48.99 +15 56 12.3
 2023-Jan-03 00:00 02 49 44.84 +15 55 55.4
 2023-Jan-04 00:00 02 49 40.88 +15 55 39.4
 2023-Jan-05 00:00 02 49 37.11 +15 55 24.3
 2023-Jan-06 00:00 02 49 33.53 +15 55 10.0
 2023-Jan-07 00:00 02 49 30.15 +15 54 56.6
 2023-Jan-08 00:00 02 49 26.96 +15 54 44.0
 2023-Jan-09 00:00 02 49 23.97 +15 54 32.3
 2023-Jan-10 00:00 02 49 21.18 +15 54 21.5
 2023-Jan-11 00:00 02 49 18.58 +15 54 11.6
 2023-Jan-12 00:00 02 49 16.19 +15 54 02.6
 2023-Jan-13 00:00 02 49 14.00 +15 53 54.5
 2023-Jan-14 00:00 02 49 12.01 +15 53 47.3
 2023-Jan-15 00:00 02 49 10.22 +15 53 41.0
 2023-Jan-16 00:00 02 49 08.65 +15 53 35.6
 2023-Jan-17 00:00 02 49 07.27 +15 53 31.1
 2023-Jan-18 00:00 02 49 06.11 +15 53 27.5
 2023-Jan-19 00:00 02 49 05.15 +15 53 24.9
 2023-Jan-20 00:00 02 49 04.40 +15 53 23.2
 2023-Jan-21 00:00 02 49 03.86 +15 53 22.5
 2023-Jan-22 00:00 02 49 03.53 +15 53 22.7
 2023-Jan-23 00:00 02 49 03.42 +15 53 23.8
 2023-Jan-24 00:00 02 49 03.51 +15 53 25.9
 2023-Jan-25 00:00 02 49 03.81 +15 53 28.9
 2023-Jan-26 00:00 02 49 04.33 +15 53 32.8
 2023-Jan-27 00:00 02 49 05.06 +15 53 37.7
 2023-Jan-28 00:00 02 49 05.99 +15 53 43.5
 2023-Jan-29 00:00 02 49 07.14 +15 53 50.3
 2023-Jan-30 00:00 02 49 08.50 +15 53 58.0
 2023-Jan-31 00:00 02 49 10.07 +15 54 06.6
 2023-Feb-01 00:00 02 49 11.84 +15 54 16.1
 2023-Feb-02 00:00 02 49 13.83 +15 54 26.6
 2023-Feb-03 00:00 02 49 16.02 +15 54 38.0
 2023-Feb-04 00:00 02 49 18.42 +15 54 50.3
 2023-Feb-05 00:00 02 49 21.03 +15 55 03.5
 2023-Feb-06 00:00 02 49 23.84 +15 55 17.6
 2023-Feb-07 00:00 02 49 26.86 +15 55 32.6
 2023-Feb-08 00:00 02 49 30.08 +15 55 48.5
 2023-Feb-09 00:00 02 49 33.51 +15 56 05.4
 2023-Feb-10 00:00 02 49 37.14 +15 56 23.1
 2023-Feb-11 00:00 02 49 40.97 +15 56 41.7
 2023-Feb-12 00:00 02 49 45.00 +15 57 01.1
 2023-Feb-13 00:00 02 49 49.24 +15 57 21.5
 2023-Feb-14 00:00 02 49 53.68 +15 57 42.7
 2023-Feb-15 00:00 02 49 58.31 +15 58 04.8
 2023-Feb-16 00:00 02 50 03.14 +15 58 27.8
 2023-Feb-17 00:00 02 50 08.17 +15 58 51.6
 2023-Feb-18 00:00 02 50 13.40 +15 59 16.3
 2023-Feb-19 00:00 02 50 18.82 +15 59 41.8
 2023-Feb-20 00:00 02 50 24.44 +16 00 08.2
 2023-Feb-21 00:00 02 50 30.25 +16 00 35.3
 2023-Feb-22 00:00 02 50 36.25 +16 01 03.4
 2023-Feb-23 00:00 02 50 42.44 +16 01 32.2
 2023-Feb-24 00:00 02 50 48.81 +16 02 01.8
 2023-Feb-25 00:00 02 50 55.37 +16 02 32.3
 2023-Feb-26 00:00 02 51 02.12 +16 03 03.5
 2023-Feb-27 00:00 02 51 09.05 +16 03 35.5
 2023-Feb-28 00:00 02 51 16.15 +16 04 08.2
 2023-Mar-01 00:00 02 51 23.44 +16 04 41.7
 2023-Mar-02 00:00 02 51 30.90 +16 05 16.0
 2023-Mar-03 00:00 02 51 38.53 +16 05 51.0
 2023-Mar-04 00:00 02 51 46.34 +16 06 26.7
 2023-Mar-05 00:00 02 51 54.31 +16 07 03.1
 2023-Mar-06 00:00 02 52 02.46 +16 07 40.2
 2023-Mar-07 00:00 02 52 10.77 +16 08 18.0
 2023-Mar-08 00:00 02 52 19.24 +16 08 56.5
 2023-Mar-09 00:00 02 52 27.88 +16 09 35.6
 2023-Mar-10 00:00 02 52 36.68 +16 10 15.5
 2023-Mar-11 00:00 02 52 45.63 +16 10 55.9
 2023-Mar-12 00:00 02 52 54.74 +16 11 37.0
 2023-Mar-13 00:00 02 53 04.01 +16 12 18.8
 2023-Mar-14 00:00 02 53 13.43 +16 13 01.2
 2023-Mar-15 00:00 02 53 23.00 +16 13 44.1
 2023-Mar-16 00:00 02 53 32.72 +16 14 27.7
 2023-Mar-17 00:00 02 53 42.58 +16 15 11.9
 2023-Mar-18 00:00 02 53 52.59 +16 15 56.7
 2023-Mar-19 00:00 02 54 02.74 +16 16 42.0
 2023-Mar-20 00:00 02 54 13.03 +16 17 27.9
 2023-Mar-21 00:00 02 54 23.46 +16 18 14.3
 2023-Mar-22 00:00 02 54 34.03 +16 19 01.3
 2023-Mar-23 00:00 02 54 44.72 +16 19 48.8
 2023-Mar-24 00:00 02 54 55.55 +16 20 36.8
 2023-Mar-25 00:00 02 55 06.50 +16 21 25.3
 2023-Mar-26 00:00 02 55 17.58 +16 22 14.3
 2023-Mar-27 00:00 02 55 28.78 +16 23 03.7
 2023-Mar-28 00:00 02 55 40.10 +16 23 53.6
 2023-Mar-29 00:00 02 55 51.53 +16 24 43.9
 2023-Mar-30 00:00 02 56 03.08 +16 25 34.7
 2023-Mar-31 00:00 02 56 14.74 +16 26 25.8
 2023-Apr-01 00:00 02 56 26.51 +16 27 17.4
 2023-Apr-02 00:00 02 56 38.39 +16 28 09.4
 2023-Apr-03 00:00 02 56 50.36 +16 29 01.7
 2023-Apr-04 00:00 02 57 02.44 +16 29 54.4
 2023-Apr-05 00:00 02 57 14.62 +16 30 47.5
 2023-Apr-06 00:00 02 57 26.89 +16 31 40.9
 2023-Apr-07 00:00 02 57 39.26 +16 32 34.6
 2023-Apr-08 00:00 02 57 51.72 +16 33 28.6
 2023-Apr-09 00:00 02 58 04.26 +16 34 23.0
 2023-Apr-10 00:00 02 58 16.89 +16 35 17.6
 2023-Apr-11 00:00 02 58 29.61 +16 36 12.5
 2023-Apr-12 00:00 02 58 42.41 +16 37 07.7
 2023-Apr-13 00:00 02 58 55.28 +16 38 03.2
 2023-Apr-14 00:00 02 59 08.24 +16 38 58.9
 2023-Apr-15 00:00 02 59 21.26 +16 39 54.8
 2023-Apr-16 00:00 02 59 34.36 +16 40 51.0
 2023-Apr-17 00:00 02 59 47.53 +16 41 47.4
 2023-Apr-18 00:00 03 00 00.76 +16 42 44.0
 2023-Apr-19 00:00 03 00 14.05 +16 43 40.8
 2023-Apr-20 00:00 03 00 27.41 +16 44 37.7
 2023-Apr-21 00:00 03 00 40.82 +16 45 34.8
 2023-Apr-22 00:00 03 00 54.28 +16 46 32.1
 2023-Apr-23 00:00 03 01 07.80 +16 47 29.5
 2023-Apr-24 00:00 03 01 21.37 +16 48 27.0
 2023-Apr-25 00:00 03 01 34.98 +16 49 24.6
 2023-Apr-26 00:00 03 01 48.63 +16 50 22.3
 2023-Apr-27 00:00 03 02 02.32 +16 51 20.1
 2023-Apr-28 00:00 03 02 16.05 +16 52 18.0
 2023-Apr-29 00:00 03 02 29.81 +16 53 15.9
 2023-Apr-30 00:00 03 02 43.61 +16 54 13.8
 2023-May-01 00:00 03 02 57.43 +16 55 11.8
 2023-May-02 00:00 03 03 11.28 +16 56 09.8
 2023-May-03 00:00 03 03 25.15 +16 57 07.9
 2023-May-04 00:00 03 03 39.04 +16 58 05.9
 2023-May-05 00:00 03 03 52.95 +16 59 03.9
 2023-May-06 00:00 03 04 06.88 +17 00 01.9
 2023-May-07 00:00 03 04 20.81 +17 00 59.8
 2023-May-08 00:00 03 04 34.76 +17 01 57.7
 2023-May-09 00:00 03 04 48.72 +17 02 55.6
 2023-May-10 00:00 03 05 02.68 +17 03 53.4
 2023-May-11 00:00 03 05 16.65 +17 04 51.1
 2023-May-12 00:00 03 05 30.61 +17 05 48.8
 2023-May-13 00:00 03 05 44.58 +17 06 46.4
 2023-May-14 00:00 03 05 58.54 +17 07 43.8
 2023-May-15 00:00 03 06 12.49 +17 08 41.1
 2023-May-16 00:00 03 06 26.43 +17 09 38.3
 2023-May-17 00:00 03 06 40.36 +17 10 35.4
 2023-May-18 00:00 03 06 54.27 +17 11 32.3