*semi-major-axis 30.07 float
*start-date 2018-08-01 string
 2018-Aug-01 00:00 23 09 07.88 -06 31 19.4
 2018-Aug-02 00:00 23 09 03.33 -06 31 49.9
 2018-Aug-03 00:00 23 08 58.71 -06 32 20.9
 2018-Aug-04 00:00 23 08 54.01 -06 32 52.2
 2018-Aug-05 00:00 23 08 49.23 -06 33 24.1
 2018-Aug-06 00:00 23 08 44.38 -06 33 56.3
 2018-Aug-07 00:00 23 08 39.45 -06 34 29.0
 2018-Aug-08 00:00 23 08 34.46 -06 35 02.1
 2018-Aug-09 00:00 23 08 29.39 -06 35 35.5
 2018-Aug-10 00:00 23 08 24.26 -06 36 09.4
 2018-Aug-11 00:00 23 08 19.07 -06 36 43.6
 2018-Aug-12 00:00 23 08 13.81 -06 37 18.2
 2018-Aug-13 00:00 23 08 08.49 -06 37 53.1
 2018-Aug-14 00:00 23 08 03.12 -06 38 28.4
 2018-Aug-15 00:00 23 07 57.68 -06 39 03.9
 2018-Aug-16 00:00 23 07 52.20 -06 39 39.8
 2018-Aug-17 00:00 23 07 46.66 -06 40 15.9
 2018-Aug-18 00:00 23 07 41.07 -06 40 52.3
 2018-Aug-19 00:00 23 07 35.44 -06 41 29.0
 2018-Aug-20 00:00 23 07 29.76 -06 42 05.9
 2018-Aug-21 00:00 23 07 24.03 -06 42 43.0
 2018-Aug-22 00:00 23 07 18.27 -06 43 20.4
 2018-Aug-23 00:00 23 07 12.46 -06 43 58.0
 2018-Aug-24 00:00 23 07 06.62 -06 44 35.7
 2018-Aug-25 00:00 23 07 00.75 -06 45 13.6
 2018-Aug-26 00:00 23 06 54.84 -06 45 51.7
 2018-Aug-27 00:00 23 06 48.90 -06 46 29.9
 2018-Aug-28 00:00 23 06 42.94 -06 47 08.3
 2018-Aug-29 00:00 23 06 36.94 -06 47 46.8
 2018-Aug-30 00:00 23 06 30.93 -06 48 25.4
 2018-Aug-31 00:00 23 06 24.89 -06 49 04.0
 2018-Sep-01 00:00 23 06 18.83 -06 49 42.8
 2018-Sep-02 00:00 23 06 12.75 -06 50 21.6
 2018-Sep-03 00:00 23 06 06.66 -06 51 00.5
 2018-Sep-04 00:00 23 06 00.56 -06 51 39.4
 2018-Sep-05 00:00 23 05 54.44 -06 52 18.3
 2018-Sep-06 00:00 23 05 48.32 -06 52 57.2
 2018-Sep-07 00:00 23 05 42.19 -06 53 36.2
 2018-Sep-08 00:00 23 05 36.06 -06 54 15.0
 2018-Sep-09 00:00 23 05 29.92 -06 54 53.9
 2018-Sep-10 00:00 23 05 23.79 -06 55 32.7
 2018-Sep-11 00:00 23 05 17.66 -06 56 11.4
 2018-Sep-12 00:00 23 05 11.54 -06 56 50.1
 2018-Sep-13 00:00 23 05 05.43 -06 57 28.6
 2018-Sep-14 00:00 23 04 59.33 -06 58 07.0
 2018-Sep-15 00:00 23 04 53.24 -06 58 45.3
 2018-Sep-16 00:00 23 04 47.18 -06 59 23.4
 2018-Sep-17 00:00 23 04 41.13 -07 00 01.4
 2018-Sep-18 00:00 23 04 35.10 -07 00 39.2
 2018-Sep-19 00:00 23 04 29.09 -07 01 16.8
 2018-Sep-20 00:00 23 04 23.11 -07 01 54.2
 2018-Sep-21 00:00 23 04 17.17 -07 02 31.3
 2018-Sep-22 00:00 23 04 11.25 -07 03 08.2
 2018-Sep-23 00:00 23 04 05.36 -07 03 44.9
 2018-Sep-24 00:00 23 03 59.51 -07 04 21.3
 2018-Sep-25 00:00 23 03 53.69 -07 04 57.5
 2018-Sep-26 00:00 23 03 47.92 -07 05 33.3
 2018-Sep-27 00:00 23 03 42.19 -07 06 08.9
 2018-Sep-28 00:00 23 03 36.50 -07 06 44.1
 2018-Sep-29 00:00 23 03 30.85 -07 07 19.0
 2018-Sep-30 00:00 23 03 25.25 -07 07 53.6
 2018-Oct-01 00:00 23 03 19.71 -07 08 27.8
 2018-Oct-02 00:00 23 03 14.21 -07 09 01.7
 2018-Oct-03 00:00 23 03 08.78 -07 09 35.1
 2018-Oct-04 00:00 23 03 03.39 -07 10 08.2
 2018-Oct-05 00:00 23 02 58.07 -07 10 40.8
 2018-Oct-06 00:00 23 02 52.81 -07 11 13.1
 2018-Oct-07 00:00 23 02 47.61 -07 11 44.9
 2018-Oct-08 00:00 23 02 42.48 -07 12 16.2
 2018-Oct-09 00:00 23 02 37.41 -07 12 47.1
 2018-Oct-10 00:00 23 02 32.42 -07 13 17.5
 2018-Oct-11 00:00 23 02 27.50 -07 13 47.5
 2018-Oct-12 00:00 23 02 22.65 -07 14 16.9
 2018-Oct-13 00:00 23 02 17.88 -07 14 45.8
 2018-Oct-14 00:00 23 02 13.19 -07 15 14.2
 2018-Oct-15 00:00 23 02 08.58 -07 15 42.1
 2018-Oct-16 00:00 23 02 04.05 -07 16 09.4
 2018-Oct-17 00:00 23 01 59.61 -07 16 36.1
 2018-Oct-18 00:00 23 01 55.25 -07 17 02.3
 2018-Oct-19 00:00 23 01 50.98 -07 17 27.9
 2018-Oct-20 00:00 23 01 46.80 -07 17 52.9
 2018-Oct-21 00:00 23 01 42.71 -07 18 17.4
 2018-Oct-22 00:00 23 01 38.71 -07 18 41.2
 2018-Oct-23 00:00 23 01 34.81 -07 19 04.4
 2018-Oct-24 00:00 23 01 31.00 -07 19 27.0
 2018-Oct-25 00:00 23 01 27.29 -07 19 48.9
 2018-Oct-26 00:00 23 01 23.68 -07 20 10.2
 2018-Oct-27 00:00 23 01 20.17 -07 20 30.9
 2018-Oct-28 00:00 23 01 16.76 -07 20 50.9
 2018-Oct-29 00:00 23 01 13.45 -07 21 10.2
 2018-Oct-30 00:00 23 01 10.24 -07 21 28.9
 2018-Oct-31 00:00 23 01 07.15 -07 21 46.9
 2018-Nov-01 00:00 23 01 04.15 -07 22 04.2
 2018-Nov-02 00:00 23 01 01.27 -07 22 20.8
 2018-Nov-03 00:00 23 00 58.50 -07 22 36.7
 2018-Nov-04 00:00 23 00 55.84 -07 22 51.8
 2018-Nov-05 00:00 23 00 53.29 -07 23 06.3
 2018-Nov-06 00:00 23 00 50.86 -07 23 20.0
 2018-Nov-07 00:00 23 00 48.54 -07 23 33.0
 2018-Nov-08 00:00 23 00 46.34 -07 23 45.3
 2018-Nov-09 00:00 23 00 44.26 -07 23 56.8
 2018-Nov-10 00:00 23 00 42.29 -07 24 07.6
 2018-Nov-11 00:00 23 00 40.45 -07 24 17.6
 2018-Nov-12 00:00 23 00 38.72 -07 24 26.8
 2018-Nov-13 00:00 23 00 37.12 -07 24 35.3
 2018-Nov-14 00:00 23 00 35.64 -07 24 43.0
 2018-Nov-15 00:00 23 00 34.28 -07 24 49.9
 2018-Nov-16 00:00 23 00 33.05 -07 24 56.0
 2018-Nov-17 00:00 23 00 31.94 -07 25 01.4
 2018-Nov-18 00:00 23 00 30.95 -07 25 06.0
 2018-Nov-19 00:00 23 00 30.09 -07 25 09.8
 2018-Nov-20 00:00 23 00 29.35 -07 25 12.8
 2018-Nov-21 00:00 23 00 28.74 -07 25 15.0
 2018-Nov-22 00:00 23 00 28.26 -07 25 16.4
 2018-Nov-23 00:00 23 00 27.90 -07 25 17.1
 2018-Nov-24 00:00 23 00 27.67 -07 25 16.9
 2018-Nov-25 00:00 23 00 27.57 -07 25 15.9
 2018-Nov-26 00:00 23 00 27.59 -07 25 14.2
 2018-Nov-27 00:00 23 00 27.75 -07 25 11.7
 2018-Nov-28 00:00 23 00 28.03 -07 25 08.3
 2018-Nov-29 00:00 23 00 28.43 -07 25 04.2
 2018-Nov-30 00:00 23 00 28.97 -07 24 59.2
 2018-Dec-01 00:00 23 00 29.64 -07 24 53.5
 2018-Dec-02 00:00 23 00 30.43 -07 24 47.0
 2018-Dec-03 00:00 23 00 31.36 -07 24 39.6
 2018-Dec-04 00:00 23 00 32.41 -07 24 31.5
 2018-Dec-05 00:00 23 00 33.59 -07 24 22.5
 2018-Dec-06 00:00 23 00 34.91 -07 24 12.8
 2018-Dec-07 00:00 23 00 36.35 -07 24 02.2
 2018-Dec-08 00:00 23 00 37.92 -07 23 50.9
 2018-Dec-09 00:00 23 00 39.62 -07 23 38.7
 2018-Dec-10 00:00 23 00 41.45 -07 23 25.8
 2018-Dec-11 00:00 23 00 43.41 -07 23 12.1
 2018-Dec-12 00:00 23 00 45.50 -07 22 57.6
 2018-Dec-13 00:00 23 00 47.71 -07 22 42.3
 2018-Dec-14 00:00 23 00 50.05 -07 22 26.2
 2018-Dec-15 00:00 23 00 52.52 -07 22 09.4
 2018-Dec-16 00:00 23 00 55.11 -07 21 51.7
 2018-Dec-17 00:00 23 00 57.82 -07 21 33.3
 2018-Dec-18 00:00 23 01 00.66 -07 21 14.2
 2018-Dec-19 00:00 23 01 03.63 -07 20 54.3
 2018-Dec-20 00:00 23 01 06.71 -07 20 33.6
 2018-Dec-21 00:00 23 01 09.92 -07 20 12.2
 2018-Dec-22 00:00 23 01 13.25 -07 19 50.1
 2018-Dec-23 00:00 23 01 16.70 -07 19 27.2
 2018-Dec-24 00:00 23 01 20.27 -07 19 03.6
 2018-Dec-25 00:00 23 01 23.95 -07 18 39.2
 2018-Dec-26 00:00 23 01 27.76 -07 18 14.2
 2018-Dec-27 00:00 23 01 31.68 -07 17 48.4
 2018-Dec-28 00:00 23 01 35.72 -07 17 21.9
 2018-Dec-29 00:00 23 01 39.87 -07 16 54.7
 2018-Dec-30 00:00 23 01 44.14 -07 16 26.8
 2018-Dec-31 00:00 23 01 48.52 -07 15 58.2
 2019-Jan-01 00:00 23 01 53.01 -07 15 29.0
 2019-Jan-02 00:00 23 01 57.62 -07 14 59.0
 2019-Jan-03 00:00 23 02 02.34 -07 14 28.4
 2019-Jan-04 00:00 23 02 07.17 -07 13 57.1
 2019-Jan-05 00:00 23 02 12.10 -07 13 25.2
 2019-Jan-06 00:00 23 02 17.14 -07 12 52.6
 2019-Jan-07 00:00 23 02 22.29 -07 12 19.4
 2019-Jan-08 00:00 23 02 27.55 -07 11 45.5
 2019-Jan-09 00:00 23 02 32.90 -07 11 11.0
 2019-Jan-10 00:00 23 02 38.36 -07 10 35.9
 2019-Jan-11 00:00 23 02 43.92 -07 10 00.2
 2019-Jan-12 00:00 23 02 49.58 -07 09 23.9
 2019-Jan-13 00:00 23 02 55.33 -07 08 47.0
 2019-Jan-14 00:00 23 03 01.18 -07 08 09.6
 2019-Jan-15 00:00 23 03 07.13 -07 07 31.5
 2019-Jan-16 00:00 23 03 13.16 -07 06 52.9
 2019-Jan-17 00:00 23 03 19.29 -07 06 13.8
 2019-Jan-18 00:00 23 03 25.51 -07 05 34.1
 2019-Jan-19 00:00 23 03 31.81 -07 04 53.9
 2019-Jan-20 00:00 23 03 38.20 -07 04 13.2
 2019-Jan-21 00:00 23 03 44.68 -07 03 32.0
 2019-Jan-22 00:00 23 03 51.23 -07 02 50.2
 2019-Jan-23 00:00 23 03 57.87 -07 02 08.0
 2019-Jan-24 00:00 23 04 04.59 -07 01 25.3
 2019-Jan-25 00:00 23 04 11.39 -07 00 42.2
 2019-Jan-26 00:00 23 04 18.27 -06 59 58.6
 2019-Jan-27 00:00 23 04 25.22 -06 59 14.5
 2019-Jan-28 00:00 23 04 32.24 -06 58 30.0
 2019-Jan-29 00:00 23 04 39.34 -06 57 45.0
 2019-Jan-30 00:00 23 04 46.51 -06 56 59.7
 2019-Jan-31 00:00 23 04 53.75 -06 56 13.9
 2019-Feb-01 00:00 23 05 01.05 -06 55 27.8
 2019-Feb-02 00:00 23 05 08.43 -06 54 41.2
 2019-Feb-03 00:00 23 05 15.86 -06 53 54.3
 2019-Feb-04 00:00 23 05 23.36 -06 53 07.0
 2019-Feb-05 00:00 23 05 30.91 -06 52 19.3
 2019-Feb-06 00:00 23 05 38.53 -06 51 31.4
 2019-Feb-07 00:00 23 05 46.20 -06 50 43.1
 2019-Feb-08 00:00 23 05 53.92 -06 49 54.4
 2019-Feb-09 00:00 23 06 01.70 -06 49 05.5
 2019-Feb-10 00:00 23 06 09.52 -06 48 16.3
 2019-Feb-11 00:00 23 06 17.40 -06 47 26.8
 2019-Feb-12 00:00 23 06 25.32 -06 46 37.0
 2019-Feb-13 00:00 23 06 33.29 -06 45 47.0
 2019-Feb-14 00:00 23 06 41.29 -06 44 56.8
 2019-Feb-15 00:00 23 06 49.34 -06 44 06.3
 2019-Feb-16 00:00 23 06 57.43 -06 43 15.6
 2019-Feb-17 00:00 23 07 05.55 -06 42 24.7
 2019-Feb-18 00:00 23 07 13.70 -06 41 33.6
 2019-Feb-19 00:00 23 07 21.89 -06 40 42.3
 2019-Feb-20 00:00 23 07 30.11 -06 39 50.9
 2019-Feb-21 00:00 23 07 38.36 -06 38 59.3
 2019-Feb-22 00:00 23 07 46.64 -06 38 07.5
 2019-Feb-23 00:00 23 07 54.94 -06 37 15.6
 2019-Feb-24 00:00 23 08 03.27 -06 36 23.6
 2019-Feb-25 00:00 23 08 11.62 -06 35 31.5
 2019-Feb-26 00:00 23 08 19.99 -06 34 39.2
 2019-Feb-27 00:00 23 08 28.38 -06 33 46.9
 2019-Feb-28 00:00 23 08 36.78 -06 32 54.5
 2019-Mar-01 00:00 23 08 45.20 -06 32 02.0
 2019-Mar-02 00:00 23 08 53.63 -06 31 09.5
 2019-Mar-03 00:00 23 09 02.07 -06 30 16.9
 2019-Mar-04 00:00 23 09 10.52 -06 29 24.3
 2019-Mar-05 00:00 23 09 18.98 -06 28 31.7
 2019-Mar-06 00:00 23 09 27.44 -06 27 39.1
 2019-Mar-07 00:00 23 09 35.90 -06 26 46.5
 2019-Mar-08 00:00 23 09 44.37 -06 25 54.0
 2019-Mar-09 00:00 23 09 52.83 -06 25 01.4
 2019-Mar-10 00:00 23 10 01.29 -06 24 08.9
 2019-Mar-11 00:00 23 10 09.74 -06 23 16.5
 2019-Mar-12 00:00 23 10 18.18 -06 22 24.1
 2019-Mar-13 00:00 23 10 26.62 -06 21 31.9
 2019-Mar-14 00:00 23 10 35.04 -06 20 39.7
 2019-Mar-15 00:00 23 10 43.45 -06 19 47.6
 2019-Mar-16 00:00 23 10 51.84 -06 18 55.7
 2019-Mar-17 00:00 23 11 00.22 -06 18 03.9
 2019-Mar-18 00:00 23 11 08.58 -06 17 12.2
 2019-Mar-19 00:00 23 11 16.91 -06 16 20.7
 2019-Mar-20 00:00 23 11 25.23 -06 15 29.4
 2019-Mar-21 00:00 23 11 33.52 -06 14 38.2
 2019-Mar-22 00:00 23 11 41.78 -06 13 47.2
 2019-Mar-23 00:00 23 11 50.01 -06 12 56.5
 2019-Mar-24 00:00 23 11 58.22 -06 12 05.9
 2019-Mar-25 00:00 23 12 06.40 -06 11 15.6
 2019-Mar-26 00:00 23 12 14.54 -06 10 25.5
 2019-Mar-27 00:00 23 12 22.65 -06 09 35.6
 2019-Mar-28 00:00 23 12 30.72 -06 08 46.0
 2019-Mar-29 00:00 23 12 38.75 -06 07 56.6
 2019-Mar-30 00:00 23 12 46.75 -06 07 07.6
 2019-Mar-31 00:00 23 12 54.70 -06 06 18.8
 2019-Apr-01 00:00 23 13 02.61 -06 05 30.3
 2019-Apr-02 00:00 23 13 10.47 -06 04 42.1
 2019-Apr-03 00:00 23 13 18.28 -06 03 54.3
 2019-Apr-04 00:00 23 13 26.05 -06 03 06.7
 2019-Apr-05 00:00 23 13 33.76 -06 02 19.6
 2019-Apr-06 00:00 23 13 41.43 -06 01 32.7
 2019-Apr-07 00:00 23 13 49.03 -06 00 46.3
 2019-Apr-08 00:00 23 13 56.59 -06 00 00.2
 2019-Apr-09 00:00 23 14 04.08 -05 59 14.5
 2019-Apr-10 00:00 23 14 11.51 -05 58 29.3
 2019-Apr-11 00:00 23 14 18.88 -05 57 44.4
 2019-Apr-12 00:00 23 14 26.19 -05 56 59.9
 2019-Apr-13 00:00 23 14 33.44 -05 56 15.9
 2019-Apr-14 00:00 23 14 40.62 -05 55 32.3
 2019-Apr-15 00:00 23 14 47.73 -05 54 49.2
 2019-Apr-16 00:00 23 14 54.77 -05 54 06.6
 2019-Apr-17 00:00 23 15 01.74 -05 53 24.4
 2019-Apr-18 00:00 23 15 08.64 -05 52 42.6
 2019-Apr-19 00:00 23 15 15.47 -05 52 01.4
 2019-Apr-20 00:00 23 15 22.22 -05 51 20.6
 2019-Apr-21 00:00 23 15 28.90 -05 50 40.4
 2019-Apr-22 00:00 23 15 35.50 -05 50 00.6
 2019-Apr-23 00:00 23 15 42.02 -05 49 21.4
 2019-Apr-24 00:00 23 15 48.47 -05 48 42.7
 2019-Apr-25 00:00 23 15 54.83 -05 48 04.6
 2019-Apr-26 00:00 23 16 01.11 -05 47 26.9
 2019-Apr-27 00:00 23 16 07.31 -05 46 49.9
 2019-Apr-28 00:00 23 16 13.42 -05 46 13.3
 2019-Apr-29 00:00 23 16 19.44 -05 45 37.4
 2019-Apr-30 00:00 23 16 25.38 -05 45 02.0
 2019-May-01 00:00 23 16 31.22 -05 44 27.3
 2019-May-02 00:00 23 16 36.98 -05 43 53.1
 2019-May-03 00:00 23 16 42.64 -05 43 19.5
 2019-May-04 00:00 23 16 48.21 -05 42 46.5
 2019-May-05 00:00 23 16 53.69 -05 42 14.1
 2019-May-06 00:00 23 16 59.07 -05 41 42.4
 2019-May-07 00:00 23 17 04.35 -05 41 11.3
 2019-May-08 00:00 23 17 09.53 -05 40 40.9
 2019-May-09 00:00 23 17 14.62 -05 40 11.1
 2019-May-10 00:00 23 17 19.60 -05 39 41.9
 2019-May-11 00:00 23 17 24.48 -05 39 13.4
 2019-May-12 00:00 23 17 29.26 -05 38 45.6
 2019-May-13 00:00 23 17 33.94 -05 38 18.4
 2019-May-14 00:00 23 17 38.51 -05 37 52.0
 2019-May-15 00:00 23 17 42.98 -05 37 26.2
 2019-May-16 00:00 23 17 47.34 -05 37 01.1
 2019-May-17 00:00 23 17 51.60 -05 36 36.6
 2019-May-18 00:00 23 17 55.74 -05 36 12.9
 2019-May-19 00:00 23 17 59.78 -05 35 49.9
 2019-May-20 00:00 23 18 03.72 -05 35 27.6
 2019-May-21 00:00 23 18 07.54 -05 35 06.0
 2019-May-22 00:00 23 18 11.25 -05 34 45.1
 2019-May-23 00:00 23 18 14.85 -05 34 24.9
 2019-May-24 00:00 23 18 18.34 -05 34 05.4
 2019-May-25 00:00 23 18 21.72 -05 33 46.7
 2019-May-26 00:00 23 18 24.98 -05 33 28.7
 2019-May-27 00:00 23 18 28.13 -05 33 11.4
 2019-May-28 00:00 23 18 31.17 -05 32 54.8
 2019-May-29 00:00 23 18 34.09 -05 32 39.0
 2019-May-30 00:00 23 18 36.89 -05 32 24.0
 2019-May-31 00:00 23 18 39.58 -05 32 09.7
 2019-Jun-01 00:00 23 18 42.15 -05 31 56.1
 2019-Jun-02 00:00 23 18 44.60 -05 31 43.4
 2019-Jun-03 00:00 23 18 46.93 -05 31 31.3
 2019-Jun-04 00:00 23 18 49.14 -05 31 20.1
 2019-Jun-05 00:00 23 18 51.24 -05 31 09.5
 2019-Jun-06 00:00 23 18 53.21 -05 30 59.8
 2019-Jun-07 00:00 23 18 55.07 -05 30 50.8
 2019-Jun-08 00:00 23 18 56.80 -05 30 42.6
 2019-Jun-09 00:00 23 18 58.41 -05 30 35.2
 2019-Jun-10 00:00 23 18 59.91 -05 30 28.5
 2019-Jun-11 00:00 23 19 01.28 -05 30 22.6
 2019-Jun-12 00:00 23 19 02.53 -05 30 17.5
 2019-Jun-13 00:00 23 19 03.66 -05 30 13.1
 2019-Jun-14 00:00 23 19 04.68 -05 30 09.5
 2019-Jun-15 00:00 23 19 05.57 -05 30 06.7
 2019-Jun-16 00:00 23 19 06.34 -05 30 04.6
 2019-Jun-17 00:00 23 19 06.99 -05 30 03.3
 2019-Jun-18 00:00 23 19 07.52 -05 30 02.8
 2019-Jun-19 00:00 23 19 07.93 -05 30 03.0
 2019-Jun-20 00:00 23 19 08.22 -05 30 04.0
 2019-Jun-21 00:00 23 19 08.39 -05 30 05.7
 2019-Jun-22 00:00 23 19 08.44 -05 30 08.2
 2019-Jun-23 00:00 23 19 08.37 -05 30 11.5
 2019-Jun-24 00:00 23 19 08.18 -05 30 15.5
 2019-Jun-25 00:00 23 19 07.87 -05 30 20.3
 2019-Jun-26 00:00 23 19 07.44 -05 30 25.8
 2019-Jun-27 00:00 23 19 06.89 -05 30 32.1
 2019-Jun-28 00:00 23 19 06.23 -05 30 39.1
 2019-Jun-29 00:00 23 19 05.44 -05 30 46.9
 2019-Jun-30 00:00 23 19 04.53 -05 30 55.4
 2019-Jul-01 00:00 23 19 03.51 -05 31 04.6
 2019-Jul-02 00:00 23 19 02.37 -05 31 14.6
 2019-Jul-03 00:00 23 19 01.11 -05 31 25.3
 2019-Jul-04 00:00 23 18 59.74 -05 31 36.8
 2019-Jul-05 00:00 23 18 58.25 -05 31 48.9
 2019-Jul-06 00:00 23 18 56.64 -05 32 01.8
 2019-Jul-07 00:00 23 18 54.92 -05 32 15.4
 2019-Jul-08 00:00 23 18 53.09 -05 32 29.7
 2019-Jul-09 00:00 23 18 51.14 -05 32 44.7
 2019-Jul-10 00:00 23 18 49.09 -05 33 00.4
 2019-Jul-11 00:00 23 18 46.92 -05 33 16.8
 2019-Jul-12 00:00 23 18 44.64 -05 33 33.8
 2019-Jul-13 00:00 23 18 42.26 -05 33 51.6
 2019-Jul-14 00:00 23 18 39.76 -05 34 09.9
 2019-Jul-15 00:00 23 18 37.16 -05 34 29.0
 2019-Jul-16 00:00 23 18 34.46 -05 34 48.7
 2019-Jul-17 00:00 23 18 31.65 -05 35 09.0
 2019-Jul-18 00:00 23 18 28.73 -05 35 30.0
 2019-Jul-19 00:00 23 18 25.72 -05 35 51.6
 2019-Jul-20 00:00 23 18 22.60 -05 36 13.8
 2019-Jul-21 00:00 23 18 19.38 -05 36 36.7
 2019-Jul-22 00:00 23 18 16.06 -05 37 00.1
 2019-Jul-23 00:00 23 18 12.65 -05 37 24.2
 2019-Jul-24 00:00 23 18 09.13 -05 37 48.8
 2019-Jul-25 00:00 23 18 05.52 -05 38 14.0
 2019-Jul-26 00:00 23 18 01.82 -05 38 39.8
 2019-Jul-27 00:00 23 17 58.02 -05 39 06.2
 2019-Jul-28 00:00 23 17 54.13 -05 39 33.1
 2019-Jul-29 00:00 23 17 50.15 -05 40 00.6
 2019-Jul-30 00:00 23 17 46.08 -05 40 28.6
 2019-Jul-31 00:00 23 17 41.92 -05 40 57.1
 2019-Aug-01 00:00 23 17 37.67 -05 41 26.2
 2019-Aug-02 00:00 23 17 33.34 -05 41 55.7
 2019-Aug-03 00:00 23 17 28.93 -05 42 25.8
 2019-Aug-04 00:00 23 17 24.43 -05 42 56.3
 2019-Aug-05 00:00 23 17 19.86 -05 43 27.3
 2019-Aug-06 00:00 23 17 15.21 -05 43 58.7
 2019-Aug-07 00:00 23 17 10.48 -05 44 30.6
 2019-Aug-08 00:00 23 17 05.68 -05 45 03.0
 2019-Aug-09 00:00 23 17 00.80 -05 45 35.7
 2019-Aug-10 00:00 23 16 55.86 -05 46 08.9
 2019-Aug-11 00:00 23 16 50.85 -05 46 42.4
 2019-Aug-12 00:00 23 16 45.77 -05 47 16.4
 2019-Aug-13 00:00 23 16 40.63 -05 47 50.7
 2019-Aug-14 00:00 23 16 35.43 -05 48 25.3
 2019-Aug-15 00:00 23 16 30.16 -05 49 00.4
 2019-Aug-16 00:00 23 16 24.84 -05 49 35.7
 2019-Aug-17 00:00 23 16 19.46 -05 50 11.4
 2019-Aug-18 00:00 23 16 14.02 -05 50 47.3
 2019-Aug-19 00:00 23 16 08.53 -05 51 23.6
 2019-Aug-20 00:00 23 16 02.99 -05 52 00.2
 2019-Aug-21 00:00 23 15 57.40 -05 52 37.0
 2019-Aug-22 00:00 23 15 51.76 -05 53 14.1
 2019-Aug-23 00:00 23 15 46.08 -05 53 51.4
 2019-Aug-24 00:00 23 15 40.35 -05 54 28.9
 2019-Aug-25 00:00 23 15 34.58 -05 55 06.7
 2019-Aug-26 00:00 23 15 28.77 -05 55 44.7
 2019-Aug-27 00:00 23 15 22.93 -05 56 22.8
 2019-Aug-28 00:00 23 15 17.05 -05 57 01.2
 2019-Aug-29 00:00 23 15 11.14 -05 57 39.7
 2019-Aug-30 00:00 23 15 05.19 -05 58 18.3
 2019-Aug-31 00:00 23 14 59.22 -05 58 57.1
 2019-Sep-01 00:00 23 14 53.23 -05 59 36.0
 2019-Sep-02 00:00 23 14 47.21 -06 00 15.0
 2019-Sep-03 00:00 23 14 41.17 -06 00 54.0
 2019-Sep-04 00:00 23 14 35.12 -06 01 33.2
 2019-Sep-05 00:00 23 14 29.05 -06 02 12.3
 2019-Sep-06 00:00 23 14 22.96 -06 02 51.6
 2019-Sep-07 00:00 23 14 16.87 -06 03 30.8
 2019-Sep-08 00:00 23 14 10.77 -06 04 10.0
 2019-Sep-09 00:00 23 14 04.66 -06 04 49.3
 2019-Sep-10 00:00 23 13 58.55 -06 05 28.5
 2019-Sep-11 00:00 23 13 52.43 -06 06 07.6
 2019-Sep-12 00:00 23 13 46.32 -06 06 46.7
 2019-Sep-13 00:00 23 13 40.21 -06 07 25.8
 2019-Sep-14 00:00 23 13 34.11 -06 08 04.7
 2019-Sep-15 00:00 23 13 28.01 -06 08 43.6
 2019-Sep-16 00:00 23 13 21.93 -06 09 22.4
 2019-Sep-17 00:00 23 13 15.85 -06 10 01.0
 2019-Sep-18 00:00 23 13 09.79 -06 10 39.5
 2019-Sep-19 00:00 23 13 03.75 -06 11 17.8
 2019-Sep-20 00:00 23 12 57.72 -06 11 56.0
 2019-Sep-21 00:00 23 12 51.72 -06 12 34.0
 2019-Sep-22 00:00 23 12 45.74 -06 13 11.8
 2019-Sep-23 00:00 23 12 39.79 -06 13 49.4
 2019-Sep-24 00:00 23 12 33.86 -06 14 26.7
 2019-Sep-25 00:00 23 12 27.97 -06 15 03.9
 2019-Sep-26 00:00 23 12 22.10 -06 15 40.7
 2019-Sep-27 00:00 23 12 16.28 -06 16 17.3
 2019-Sep-28 00:00 23 12 10.49 -06 16 53.7
 2019-Sep-29 00:00 23 12 04.74 -06 17 29.7
 2019-Sep-30 00:00 23 11 59.04 -06 18 05.4
 2019-Oct-01 00:00 23 11 53.38 -06 18 40.7
 2019-Oct-02 00:00 23 11 47.76 -06 19 15.8
 2019-Oct-03 00:00 23 11 42.20 -06 19 50.4
 2019-Oct-04 00:00 23 11 36.69 -06 20 24.7
 2019-Oct-05 00:00 23 11 31.24 -06 20 58.6
 2019-Oct-06 00:00 23 11 25.84 -06 21 32.1
 2019-Oct-07 00:00 23 11 20.51 -06 22 05.2
 2019-Oct-08 00:00 23 11 15.23 -06 22 37.9
 2019-Oct-09 00:00 23 11 10.02 -06 23 10.1
 2019-Oct-10 00:00 23 11 04.87 -06 23 41.9
 2019-Oct-11 00:00 23 10 59.78 -06 24 13.2
 2019-Oct-12 00:00 23 10 54.77 -06 24 44.0
 2019-Oct-13 00:00 23 10 49.83 -06 25 14.4
 2019-Oct-14 00:00 23 10 44.96 -06 25 44.3
 2019-Oct-15 00:00 23 10 40.16 -06 26 13.6
 2019-Oct-16 00:00 23 10 35.45 -06 26 42.4
 2019-Oct-17 00:00 23 10 30.80 -06 27 10.7
 2019-Oct-18 00:00 23 10 26.24 -06 27 38.5
 2019-Oct-19 00:00 23 10 21.77 -06 28 05.7
 2019-Oct-20 00:00 23 10 17.37 -06 28 32.4
 2019-Oct-21 00:00 23 10 13.06 -06 28 58.4
 2019-Oct-22 00:00 23 10 08.84 -06 29 23.9
 2019-Oct-23 00:00 23 10 04.71 -06 29 48.8
 2019-Oct-24 00:00 23 10 00.66 -06 30 13.1
 2019-Oct-25 00:00 23 09 56.72 -06 30 36.8
 2019-Oct-26 00:00 23 09 52.86 -06 30 59.8
 2019-Oct-27 00:00 23 09 49.11 -06 31 22.2
 2019-Oct-28 00:00 23 09 45.45 -06 31 44.0
 2019-Oct-29 00:00 23 09 41.89 -06 32 05.1
 2019-Oct-30 00:00 23 09 38.43 -06 32 25.6
 2019-Oct-31 00:00 23 09 35.08 -06 32 45.3
 2019-Nov-01 00:00 23 09 31.83 -06 33 04.4
 2019-Nov-02 00:00 23 09 28.69 -06 33 22.8
 2019-Nov-03 00:00 23 09 25.66 -06 33 40.5
 2019-Nov-04 00:00 23 09 22.73 -06 33 57.5
 2019-Nov-05 00:00 23 09 19.91 -06 34 13.7
 2019-Nov-06 00:00 23 09 17.21 -06 34 29.3
 2019-Nov-07 00:00 23 09 14.62 -06 34 44.1
 2019-Nov-08 00:00 23 09 12.14 -06 34 58.2
 2019-Nov-09 00:00 23 09 09.77 -06 35 11.5
 2019-Nov-10 00:00 23 09 07.52 -06 35 24.1
 2019-Nov-11 00:00 23 09 05.39 -06 35 36.0
 2019-Nov-12 00:00 23 09 03.37 -06 35 47.1
 2019-Nov-13 00:00 23 09 01.47 -06 35 57.5
 2019-Nov-14 00:00 23 08 59.69 -06 36 07.0
 2019-Nov-15 00:00 23 08 58.03 -06 36 15.9
 2019-Nov-16 00:00 23 08 56.49 -06 36 23.9
 2019-Nov-17 00:00 23 08 55.07 -06 36 31.2
 2019-Nov-18 00:00 23 08 53.77 -06 36 37.7
 2019-Nov-19 00:00 23 08 52.59 -06 36 43.4
 2019-Nov-20 00:00 23 08 51.54 -06 36 48.3
 2019-Nov-21 00:00 23 08 50.62 -06 36 52.5
 2019-Nov-22 00:00 23 08 49.81 -06 36 55.8
 2019-Nov-23 00:00 23 08 49.14 -06 36 58.4
 2019-Nov-24 00:00 23 08 48.59 -06 37 00.1
 2019-Nov-25 00:00 23 08 48.16 -06 37 01.0
 2019-Nov-26 00:00 23 08 47.87 -06 37 01.2
 2019-Nov-27 00:00 23 08 47.70 -06 37 00.5
 2019-Nov-28 00:00 23 08 47.66 -06 36 59.0
 2019-Nov-29 00:00 23 08 47.75 -06 36 56.7
 2019-Nov-30 00:00 23 08 47.97 -06 36 53.6
 2019-Dec-01 00:00 23 08 48.32 -06 36 49.6
 2019-Dec-02 00:00 23 08 48.80 -06 36 44.9
 2019-Dec-03 00:00 23 08 49.40 -06 36 39.3
 2019-Dec-04 00:00 23 08 50.14 -06 36 33.0
 2019-Dec-05 00:00 23 08 51.00 -06 36 25.8
 2019-Dec-06 00:00 23 08 51.99 -06 36 17.8
 2019-Dec-07 00:00 23 08 53.11 -06 36 09.0
 2019-Dec-08 00:00 23 08 54.36 -06 35 59.4
 2019-Dec-09 00:00 23 08 55.74 -06 35 49.0
 2019-Dec-10 00:00 23 08 57.25 -06 35 37.8
 2019-Dec-11 00:00 23 08 58.88 -06 35 25.8
 2019-Dec-12 00:00 23 09 00.64 -06 35 13.0
 2019-Dec-13 00:00 23 09 02.53 -06 34 59.5
 2019-Dec-14 00:00 23 09 04.54 -06 34 45.1
 2019-Dec-15 00:00 23 09 06.68 -06 34 29.9
 2019-Dec-16 00:00 23 09 08.95 -06 34 14.0
 2019-Dec-17 00:00 23 09 11.34 -06 33 57.3
 2019-Dec-18 00:00 23 09 13.85 -06 33 39.7
 2019-Dec-19 00:00 23 09 16.50 -06 33 21.5
 2019-Dec-20 00:00 23 09 19.26 -06 33 02.4
 2019-Dec-21 00:00 23 09 22.15 -06 32 42.6
 2019-Dec-22 00:00 23 09 25.17 -06 32 22.0
 2019-Dec-23 00:00 23 09 28.30 -06 32 00.7
 2019-Dec-24 00:00 23 09 31.56 -06 31 38.6
 2019-Dec-25 00:00 23 09 34.94 -06 31 15.7
 2019-Dec-26 00:00 23 09 38.44 -06 30 52.1
 2019-Dec-27 00:00 23 09 42.06 -06 30 27.8
 2019-Dec-28 00:00 23 09 45.80 -06 30 02.7
 2019-Dec-29 00:00 23 09 49.66 -06 29 36.9
 2019-Dec-30 00:00 23 09 53.64 -06 29 10.3
 2019-Dec-31 00:00 23 09 57.73 -06 28 43.1
 2020-Jan-01 00:00 23 10 01.93 -06 28 15.2
 2020-Jan-02 00:00 23 10 06.25 -06 27 46.5
 2020-Jan-03 00:00 23 10 10.69 -06 27 17.2
 2020-Jan-04 00:00 23 10 15.23 -06 26 47.1
 2020-Jan-05 00:00 23 10 19.88 -06 26 16.4
 2020-Jan-06 00:00 23 10 24.64 -06 25 45.1
 2020-Jan-07 00:00 23 10 29.51 -06 25 13.1
 2020-Jan-08 00:00 23 10 34.49 -06 24 40.4
 2020-Jan-09 00:00 23 10 39.57 -06 24 07.1
 2020-Jan-10 00:00 23 10 44.75 -06 23 33.1
 2020-Jan-11 00:00 23 10 50.04 -06 22 58.5
 2020-Jan-12 00:00 23 10 55.43 -06 22 23.3
 2020-Jan-13 00:00 23 11 00.92 -06 21 47.5
 2020-Jan-14 00:00 23 11 06.50 -06 21 11.1
 2020-Jan-15 00:00 23 11 12.19 -06 20 34.1
 2020-Jan-16 00:00 23 11 17.97 -06 19 56.6
 2020-Jan-17 00:00 23 11 23.84 -06 19 18.4
 2020-Jan-18 00:00 23 11 29.81 -06 18 39.7
 2020-Jan-19 00:00 23 11 35.87 -06 18 00.4
 2020-Jan-20 00:00 23 11 42.03 -06 17 20.5
 2020-Jan-21 00:00 23 11 48.27 -06 16 40.2
 2020-Jan-22 00:00 23 11 54.60 -06 15 59.2
 2020-Jan-23 00:00 23 12 01.01 -06 15 17.8
 2020-Jan-24 00:00 23 12 07.52 -06 14 35.9
 2020-Jan-25 00:00 23 12 14.10 -06 13 53.4
 2020-Jan-26 00:00 23 12 20.77 -06 13 10.5
 2020-Jan-27 00:00 23 12 27.51 -06 12 27.1
 2020-Jan-28 00:00 23 12 34.34 -06 11 43.2
 2020-Jan-29 00:00 23 12 41.23 -06 10 58.8
 2020-Jan-30 00:00 23 12 48.21 -06 10 14.0
 2020-Jan-31 00:00 23 12 55.25 -06 09 28.8
 2020-Feb-01 00:00 23 13 02.37 -06 08 43.2
 2020-Feb-02 00:00 23 13 09.55 -06 07 57.1
 2020-Feb-03 00:00 23 13 16.81 -06 07 10.7
 2020-Feb-04 00:00 23 13 24.12 -06 06 23.9
 2020-Feb-05 00:00 23 13 31.50 -06 05 36.7
 2020-Feb-06 00:00 23 13 38.94 -06 04 49.1
 2020-Feb-07 00:00 23 13 46.44 -06 04 01.2
 2020-Feb-08 00:00 23 13 54.00 -06 03 12.9
 2020-Feb-09 00:00 23 14 01.62 -06 02 24.3
 2020-Feb-10 00:00 23 14 09.29 -06 01 35.4
 2020-Feb-11 00:00 23 14 17.01 -06 00 46.2
 2020-Feb-12 00:00 23 14 24.78 -05 59 56.7
 2020-Feb-13 00:00 23 14 32.60 -05 59 06.9
 2020-Feb-14 00:00 23 14 40.47 -05 58 16.9
 2020-Feb-15 00:00 23 14 48.39 -05 57 26.6
 2020-Feb-16 00:00 23 14 56.35 -05 56 36.0
 2020-Feb-17 00:00 23 15 04.35 -05 55 45.2
 2020-Feb-18 00:00 23 15 12.39 -05 54 54.1
 2020-Feb-19 00:00 23 15 20.47 -05 54 02.9
 2020-Feb-20 00:00 23 15 28.59 -05 53 11.4
 2020-Feb-21 00:00 23 15 36.75 -05 52 19.7
 2020-Feb-22 00:00 23 15 44.93 -05 51 27.9
 2020-Feb-23 00:00 23 15 53.15 -05 50 35.9
 2020-Feb-24 00:00 23 16 01.39 -05 49 43.8
 2020-Feb-25 00:00 23 16 09.66 -05 48 51.5
 2020-Feb-26 00:00 23 16 17.96 -05 47 59.0
 2020-Feb-27 00:00 23 16 26.28 -05 47 06.5
 2020-Feb-28 00:00 23 16 34.61 -05 46 13.8
 2020-Feb-29 00:00 23 16 42.97 -05 45 21.1
 2020-Mar-01 00:00 23 16 51.34 -05 44 28.3
 2020-Mar-02 00:00 23 16 59.73 -05 43 35.4
 2020-Mar-03 00:00 23 17 08.13 -05 42 42.5
 2020-Mar-04 00:00 23 17 16.54 -05 41 49.6
 2020-Mar-05 00:00 23 17 24.96 -05 40 56.6
 2020-Mar-06 00:00 23 17 33.38 -05 40 03.6
 2020-Mar-07 00:00 23 17 41.81 -05 39 10.6
 2020-Mar-08 00:00 23 17 50.24 -05 38 17.6
 2020-Mar-09 00:00 23 17 58.68 -05 37 24.6
 2020-Mar-10 00:00 23 18 07.11 -05 36 31.7
 2020-Mar-11 00:00 23 18 15.54 -05 35 38.8
 2020-Mar-12 00:00 23 18 23.96 -05 34 46.0
 2020-Mar-13 00:00 23 18 32.38 -05 33 53.2
 2020-Mar-14 00:00 23 18 40.80 -05 33 00.5
 2020-Mar-15 00:00 23 18 49.20 -05 32 08.0
 2020-Mar-16 00:00 23 18 57.59 -05 31 15.5
 2020-Mar-17 00:00 23 19 05.97 -05 30 23.1
 2020-Mar-18 00:00 23 19 14.33 -05 29 30.8
 2020-Mar-19 00:00 23 19 22.68 -05 28 38.7
 2020-Mar-20 00:00 23 19 31.01 -05 27 46.7
 2020-Mar-21 00:00 23 19 39.31 -05 26 54.9
 2020-Mar-22 00:00 23 19 47.60 -05 26 03.2
 2020-Mar-23 00:00 23 19 55.86 -05 25 11.8
 2020-Mar-24 00:00 23 20 04.09 -05 24 20.5
 2020-Mar-25 00:00 23 20 12.29 -05 23 29.5
 2020-Mar-26 00:00 23 20 20.46 -05 22 38.6
 2020-Mar-27 00:00 23 20 28.60 -05 21 48.1
 2020-Mar-28 00:00 23 20 36.71 -05 20 57.7
 2020-Mar-29 00:00 23 20 44.78 -05 20 07.6
 2020-Mar-30 00:00 23 20 52.81 -05 19 17.8
 2020-Mar-31 00:00 23 21 00.80 -05 18 28.3
 2020-Apr-01 00:00 23 21 08.75 -05 17 39.0
 2020-Apr-02 00:00 23 21 16.66 -05 16 50.1
 2020-Apr-03 00:00 23 21 24.52 -05 16 01.5
 2020-Apr-04 00:00 23 21 32.33 -05 15 13.2
 2020-Apr-05 00:00 23 21 40.10 -05 14 25.2
 2020-Apr-06 00:00 23 21 47.81 -05 13 37.6
 2020-Apr-07 00:00 23 21 55.48 -05 12 50.3
 2020-Apr-08 00:00 23 22 03.09 -05 12 03.4
 2020-Apr-09 00:00 23 22 10.64 -05 11 16.9
 2020-Apr-10 00:00 23 22 18.14 -05 10 30.8
 2020-Apr-11 00:00 23 22 25.59 -05 09 45.0
 2020-Apr-12 00:00 23 22 32.97 -05 08 59.7
 2020-Apr-13 00:00 23 22 40.30 -05 08 14.8
 2020-Apr-14 00:00 23 22 47.56 -05 07 30.3
 2020-Apr-15 00:00 23 22 54.76 -05 06 46.2
 2020-Apr-16 00:00 23 23 01.89 -05 06 02.5
 2020-Apr-17 00:00 23 23 08.96 -05 05 19.4
 2020-Apr-18 00:00 23 23 15.95 -05 04 36.7
 2020-Apr-19 00:00 23 23 22.88 -05 03 54.4
 2020-Apr-20 00:00 23 23 29.74 -05 03 12.7
 2020-Apr-21 00:00 23 23 36.52 -05 02 31.4
 2020-Apr-22 00:00 23 23 43.22 -05 01 50.6
 2020-Apr-23 00:00 23 23 49.85 -05 01 10.4
 2020-Apr-24 00:00 23 23 56.40 -05 00 30.6
 2020-Apr-25 00:00 23 24 02.88 -04 59 51.5
 2020-Apr-26 00:00 23 24 09.27 -04 59 12.8
 2020-Apr-27 00:00 23 24 15.58 -04 58 34.7
 2020-Apr-28 00:00 23 24 21.80 -04 57 57.1
 2020-Apr-29 00:00 23 24 27.94 -04 57 20.2
 2020-Apr-30 00:00 23 24 33.99 -04 56 43.8
 2020-May-01 00:00 23 24 39.96 -04 56 07.9
 2020-May-02 00:00 23 24 45.83 -04 55 32.7
 2020-May-03 00:00 23 24 51.62 -04 54 58.1
 2020-May-04 00:00 23 24 57.32 -04 54 24.0
 2020-May-05 00:00 23 25 02.92 -04 53 50.6
 2020-May-06 00:00 23 25 08.43 -04 53 17.8
 2020-May-07 00:00 23 25 13.84 -04 52 45.6
 2020-May-08 00:00 23 25 19.17 -04 52 14.1
 2020-May-09 00:00 23 25 24.39 -04 51 43.1
 2020-May-10 00:00 23 25 29.52 -04 51 12.8
 2020-May-11 00:00 23 25 34.55 -04 50 43.2
 2020-May-12 00:00 23 25 39.48 -04 50 14.2
 2020-May-13 00:00 23 25 44.31 -04 49 45.9
 2020-May-14 00:00 23 25 49.04 -04 49 18.3
 2020-May-15 00:00 23 25 53.66 -04 48 51.3
 2020-May-16 00:00 23 25 58.19 -04 48 25.0
 2020-May-17 00:00 23 26 02.60 -04 47 59.4
 2020-May-18 00:00 23 26 06.91 -04 47 34.4
 2020-May-19 00:00 23 26 11.12 -04 47 10.2
 2020-May-20 00:00 23 26 15.22 -04 46 46.7
 2020-May-21 00:00 23 26 19.20 -04 46 23.9
 2020-May-22 00:00 23 26 23.08 -04 46 01.8
 2020-May-23 00:00 23 26 26.85 -04 45 40.4
 2020-May-24 00:00 23 26 30.51 -04 45 19.8
 2020-May-25 00:00 23 26 34.05 -04 44 59.9
 2020-May-26 00:00 23 26 37.48 -04 44 40.7
 2020-May-27 00:00 23 26 40.80 -04 44 22.2
 2020-May-28 00:00 23 26 44.00 -04 44 04.6
 2020-May-29 00:00 23 26 47.09 -04 43 47.6
 2020-May-30 00:00 23 26 50.07 -04 43 31.4
 2020-May-31 00:00 23 26 52.93 -04 43 15.9
 2020-Jun-01 00:00 23 26 55.67 -04 43 01.2
 2020-Jun-02 00:00 23 26 58.30 -04 42 47.3
 2020-Jun-03 00:00 23 27 00.81 -04 42 34.1
 2020-Jun-04 00:00 23 27 03.20 -04 42 21.7
 2020-Jun-05 00:00 23 27 05.47 -04 42 10.0
 2020-Jun-06 00:00 23 27 07.63 -04 41 59.1
 2020-Jun-07 00:00 23 27 09.67 -04 41 48.9
 2020-Jun-08 00:00 23 27 11.60 -04 41 39.5
 2020-Jun-09 00:00 23 27 13.40 -04 41 30.9
 2020-Jun-10 00:00 23 27 15.09 -04 41 23.0
 2020-Jun-11 00:00 23 27 16.65 -04 41 15.9
 2020-Jun-12 00:00 23 27 18.10 -04 41 09.6
 2020-Jun-13 00:00 23 27 19.42 -04 41 04.1
 2020-Jun-14 00:00 23 27 20.63 -04 40 59.3
 2020-Jun-15 00:00 23 27 21.71 -04 40 55.3
 2020-Jun-16 00:00 23 27 22.68 -04 40 52.0
 2020-Jun-17 00:00 23 27 23.52 -04 40 49.6
 2020-Jun-18 00:00 23 27 24.24 -04 40 47.9
 2020-Jun-19 00:00 23 27 24.84 -04 40 47.0
 2020-Jun-20 00:00 23 27 25.32 -04 40 46.8
 2020-Jun-21 00:00 23 27 25.68 -04 40 47.4
 2020-Jun-22 00:00 23 27 25.92 -04 40 48.8
 2020-Jun-23 00:00 23 27 26.04 -04 40 51.0
 2020-Jun-24 00:00 23 27 26.03 -04 40 54.0
 2020-Jun-25 00:00 23 27 25.91 -04 40 57.7
 2020-Jun-26 00:00 23 27 25.66 -04 41 02.1
 2020-Jun-27 00:00 23 27 25.30 -04 41 07.4
 2020-Jun-28 00:00 23 27 24.82 -04 41 13.4
 2020-Jun-29 00:00 23 27 24.22 -04 41 20.1
 2020-Jun-30 00:00 23 27 23.50 -04 41 27.6
 2020-Jul-01 00:00 23 27 22.66 -04 41 35.8
 2020-Jul-02 00:00 23 27 21.71 -04 41 44.8
 2020-Jul-03 00:00 23 27 20.64 -04 41 54.5
 2020-Jul-04 00:00 23 27 19.45 -04 42 04.9
 2020-Jul-05 00:00 23 27 18.15 -04 42 16.1
 2020-Jul-06 00:00 23 27 16.73 -04 42 28.0
 2020-Jul-07 00:00 23 27 15.20 -04 42 40.6
 2020-Jul-08 00:00 23 27 13.56 -04 42 53.9
 2020-Jul-09 00:00 23 27 11.80 -04 43 07.9
 2020-Jul-10 00:00 23 27 09.93 -04 43 22.6
 2020-Jul-11 00:00 23 27 07.95 -04 43 38.1
 2020-Jul-12 00:00 23 27 05.86 -04 43 54.2
 2020-Jul-13 00:00 23 27 03.66 -04 44 11.0
 2020-Jul-14 00:00 23 27 01.34 -04 44 28.5
 2020-Jul-15 00:00 23 26 58.92 -04 44 46.6
 2020-Jul-16 00:00 23 26 56.39 -04 45 05.5
 2020-Jul-17 00:00 23 26 53.75 -04 45 25.0
 2020-Jul-18 00:00 23 26 51.01 -04 45 45.1
 2020-Jul-19 00:00 23 26 48.16 -04 46 06.0
 2020-Jul-20 00:00 23 26 45.21 -04 46 27.4
 2020-Jul-21 00:00 23 26 42.15 -04 46 49.5
 2020-Jul-22 00:00 23 26 38.99 -04 47 12.2
 2020-Jul-23 00:00 23 26 35.73 -04 47 35.6
 2020-Jul-24 00:00 23 26 32.38 -04 47 59.5
 2020-Jul-25 00:00 23 26 28.92 -04 48 24.1
 2020-Jul-26 00:00 23 26 25.37 -04 48 49.2
 2020-Jul-27 00:00 23 26 21.72 -04 49 15.0
 2020-Jul-28 00:00 23 26 17.98 -04 49 41.3
 2020-Jul-29 00:00 23 26 14.15 -04 50 08.1
 2020-Jul-30 00:00 23 26 10.23 -04 50 35.5
 2020-Jul-31 00:00 23 26 06.21 -04 51 03.5
 2020-Aug-01 00:00 23 26 02.12 -04 51 31.9
 2020-Aug-02 00:00 23 25 57.93 -04 52 00.9
 2020-Aug-03 00:00 23 25 53.66 -04 52 30.4
 2020-Aug-04 00:00 23 25 49.31 -04 53 00.4
 2020-Aug-05 00:00 23 25 44.88 -04 53 30.8
 2020-Aug-06 00:00 23 25 40.36 -04 54 01.8
 2020-Aug-07 00:00 23 25 35.77 -04 54 33.2
 2020-Aug-08 00:00 23 25 31.10 -04 55 05.1
 2020-Aug-09 00:00 23 25 26.36 -04 55 37.4
 2020-Aug-10 00:00 23 25 21.54 -04 56 10.1
 2020-Aug-11 00:00 23 25 16.65 -04 56 43.3
 2020-Aug-12 00:00 23 25 11.69 -04 57 16.8
 2020-Aug-13 00:00 23 25 06.66 -04 57 50.8
 2020-Aug-14 00:00 23 25 01.57 -04 58 25.2
 2020-Aug-15 00:00 23 24 56.41 -04 58 59.9
 2020-Aug-16 00:00 23 24 51.18 -04 59 35.0
 2020-Aug-17 00:00 23 24 45.90 -05 00 10.4
 2020-Aug-18 00:00 23 24 40.56 -05 00 46.2
 2020-Aug-19 00:00 23 24 35.16 -05 01 22.3
 2020-Aug-20 00:00 23 24 29.70 -05 01 58.7
 2020-Aug-21 00:00 23 24 24.19 -05 02 35.4
 2020-Aug-22 00:00 23 24 18.63 -05 03 12.4
 2020-Aug-23 00:00 23 24 13.03 -05 03 49.6
 2020-Aug-24 00:00 23 24 07.38 -05 04 27.1
 2020-Aug-25 00:00 23 24 01.68 -05 05 04.8
 2020-Aug-26 00:00 23 23 55.95 -05 05 42.8
 2020-Aug-27 00:00 23 23 50.17 -05 06 20.9
 2020-Aug-28 00:00 23 23 44.36 -05 06 59.3
 2020-Aug-29 00:00 23 23 38.51 -05 07 37.8
 2020-Aug-30 00:00 23 23 32.64 -05 08 16.4
 2020-Aug-31 00:00 23 23 26.73 -05 08 55.3
 2020-Sep-01 00:00 23 23 20.79 -05 09 34.2
 2020-Sep-02 00:00 23 23 14.83 -05 10 13.3
 2020-Sep-03 00:00 23 23 08.84 -05 10 52.4
 2020-Sep-04 00:00 23 23 02.83 -05 11 31.7
 2020-Sep-05 00:00 23 22 56.80 -05 12 11.0
 2020-Sep-06 00:00 23 22 50.75 -05 12 50.4
 2020-Sep-07 00:00 23 22 44.69 -05 13 29.9
 2020-Sep-08 00:00 23 22 38.62 -05 14 09.4
 2020-Sep-09 00:00 23 22 32.53 -05 14 48.9
 2020-Sep-10 00:00 23 22 26.44 -05 15 28.4
 2020-Sep-11 00:00 23 22 20.34 -05 16 07.9
 2020-Sep-12 00:00 23 22 14.24 -05 16 47.3
 2020-Sep-13 00:00 23 22 08.13 -05 17 26.8
 2020-Sep-14 00:00 23 22 02.03 -05 18 06.2
 2020-Sep-15 00:00 23 21 55.93 -05 18 45.5
 2020-Sep-16 00:00 23 21 49.83 -05 19 24.7
 2020-Sep-17 00:00 23 21 43.74 -05 20 03.8
 2020-Sep-18 00:00 23 21 37.67 -05 20 42.8
 2020-Sep-19 00:00 23 21 31.61 -05 21 21.7
 2020-Sep-20 00:00 23 21 25.56 -05 22 00.4
 2020-Sep-21 00:00 23 21 19.53 -05 22 38.9
 2020-Sep-22 00:00 23 21 13.53 -05 23 17.3
 2020-Sep-23 00:00 23 21 07.55 -05 23 55.4
 2020-Sep-24 00:00 23 21 01.59 -05 24 33.4
 2020-Sep-25 00:00 23 20 55.66 -05 25 11.1
 2020-Sep-26 00:00 23 20 49.77 -05 25 48.6
 2020-Sep-27 00:00 23 20 43.90 -05 26 25.8
 2020-Sep-28 00:00 23 20 38.07 -05 27 02.7
 2020-Sep-29 00:00 23 20 32.28 -05 27 39.4
 2020-Sep-30 00:00 23 20 26.53 -05 28 15.8
 2020-Oct-01 00:00 23 20 20.82 -05 28 51.8
 2020-Oct-02 00:00 23 20 15.15 -05 29 27.5
 2020-Oct-03 00:00 23 20 09.53 -05 30 02.9
 2020-Oct-04 00:00 23 20 03.95 -05 30 38.0
 2020-Oct-05 00:00 23 19 58.43 -05 31 12.6
 2020-Oct-06 00:00 23 19 52.96 -05 31 46.9
 2020-Oct-07 00:00 23 19 47.54 -05 32 20.9
 2020-Oct-08 00:00 23 19 42.18 -05 32 54.4
 2020-Oct-09 00:00 23 19 36.88 -05 33 27.4
 2020-Oct-10 00:00 23 19 31.64 -05 34 00.1
 2020-Oct-11 00:00 23 19 26.46 -05 34 32.3
 2020-Oct-12 00:00 23 19 21.35 -05 35 04.1
 2020-Oct-13 00:00 23 19 16.30 -05 35 35.4
 2020-Oct-14 00:00 23 19 11.33 -05 36 06.2
 2020-Oct-15 00:00 23 19 06.42 -05 36 36.5
 2020-Oct-16 00:00 23 19 01.59 -05 37 06.3
 2020-Oct-17 00:00 23 18 56.84 -05 37 35.6
 2020-Oct-18 00:00 23 18 52.16 -05 38 04.3
 2020-Oct-19 00:00 23 18 47.57 -05 38 32.5
 2020-Oct-20 00:00 23 18 43.05 -05 39 00.1
 2020-Oct-21 00:00 23 18 38.62 -05 39 27.2
 2020-Oct-22 00:00 23 18 34.28 -05 39 53.7
 2020-Oct-23 00:00 23 18 30.02 -05 40 19.6
 2020-Oct-24 00:00 23 18 25.86 -05 40 44.9
 2020-Oct-25 00:00 23 18 21.78 -05 41 09.6
 2020-Oct-26 00:00 23 18 17.80 -05 41 33.6
 2020-Oct-27 00:00 23 18 13.91 -05 41 57.0
 2020-Oct-28 00:00 23 18 10.12 -05 42 19.8
 2020-Oct-29 00:00 23 18 06.42 -05 42 42.0
 2020-Oct-30 00:00 23 18 02.83 -05 43 03.5
 2020-Oct-31 00:00 23 17 59.33 -05 43 24.3
 2020-Nov-01 00:00 23 17 55.93 -05 43 44.4
 2020-Nov-02 00:00 23 17 52.64 -05 44 03.9
 2020-Nov-03 00:00 23 17 49.45 -05 44 22.7
 2020-Nov-04 00:00 23 17 46.36 -05 44 40.8
 2020-Nov-05 00:00 23 17 43.39 -05 44 58.1
 2020-Nov-06 00:00 23 17 40.52 -05 45 14.8
 2020-Nov-07 00:00 23 17 37.76 -05 45 30.8
 2020-Nov-08 00:00 23 17 35.11 -05 45 46.0
 2020-Nov-09 00:00 23 17 32.57 -05 46 00.5
 2020-Nov-10 00:00 23 17 30.15 -05 46 14.2
 2020-Nov-11 00:00 23 17 27.84 -05 46 27.3
 2020-Nov-12 00:00 23 17 25.64 -05 46 39.5
 2020-Nov-13 00:00 23 17 23.56 -05 46 51.0
 2020-Nov-14 00:00 23 17 21.61 -05 47 01.7
 2020-Nov-15 00:00 23 17 19.77 -05 47 11.7
 2020-Nov-16 00:00 23 17 18.05 -05 47 20.9
 2020-Nov-17 00:00 23 17 16.45 -05 47 29.3
 2020-Nov-18 00:00 23 17 14.97 -05 47 36.9
 2020-Nov-19 00:00 23 17 13.62 -05 47 43.7
 2020-Nov-20 00:00 23 17 12.39 -05 47 49.7
 2020-Nov-21 00:00 23 17 11.28 -05 47 54.9
 2020-Nov-22 00:00 23 17 10.30 -05 47 59.3
 2020-Nov-23 00:00 23 17 09.44 -05 48 02.9
 2020-Nov-24 00:00 23 17 08.71 -05 48 05.7
 2020-Nov-25 00:00 23 17 08.10 -05 48 07.7
 2020-Nov-26 00:00 23 17 07.62 -05 48 08.9
 2020-Nov-27 00:00 23 17 07.27 -05 48 09.3
 2020-Nov-28 00:00 23 17 07.04 -05 48 08.9
 2020-Nov-29 00:00 23 17 06.94 -05 48 07.6
 2020-Nov-30 00:00 23 17 06.97 -05 48 05.6
 2020-Dec-01 00:00 23 17 07.12 -05 48 02.7
 2020-Dec-02 00:00 23 17 07.40 -05 47 59.0
 2020-Dec-03 00:00 23 17 07.81 -05 47 54.5
 2020-Dec-04 00:00 23 17 08.35 -05 47 49.2
 2020-Dec-05 00:00 23 17 09.01 -05 47 43.1
 2020-Dec-06 00:00 23 17 09.80 -05 47 36.2
 2020-Dec-07 00:00 23 17 10.72 -05 47 28.4
 2020-Dec-08 00:00 23 17 11.77 -05 47 19.9
 2020-Dec-09 00:00 23 17 12.95 -05 47 10.5
 2020-Dec-10 00:00 23 17 14.26 -05 47 00.3
 2020-Dec-11 00:00 23 17 15.69 -05 46 49.3
 2020-Dec-12 00:00 23 17 17.25 -05 46 37.5
 2020-Dec-13 00:00 23 17 18.95 -05 46 24.9
 2020-Dec-14 00:00 23 17 20.77 -05 46 11.5
 2020-Dec-15 00:00 23 17 22.71 -05 45 57.3
 2020-Dec-16 00:00 23 17 24.79 -05 45 42.2
 2020-Dec-17 00:00 23 17 26.99 -05 45 26.4
 2020-Dec-18 00:00 23 17 29.32 -05 45 09.8
 2020-Dec-19 00:00 23 17 31.77 -05 44 52.4
 2020-Dec-20 00:00 23 17 34.35 -05 44 34.2
 2020-Dec-21 00:00 23 17 37.06 -05 44 15.2
 2020-Dec-22 00:00 23 17 39.88 -05 43 55.4
 2020-Dec-23 00:00 23 17 42.83 -05 43 34.9
 2020-Dec-24 00:00 23 17 45.91 -05 43 13.6
 2020-Dec-25 00:00 23 17 49.10 -05 42 51.6
 2020-Dec-26 00:00 23 17 52.42 -05 42 28.8
 2020-Dec-27 00:00 23 17 55.85 -05 42 05.2
 2020-Dec-28 00:00 23 17 59.40 -05 41 40.9
 2020-Dec-29 00:00 23 18 03.07 -05 41 15.9
 2020-Dec-30 00:00 23 18 06.86 -05 40 50.1
 2020-Dec-31 00:00 23 18 10.77 -05 40 23.7
 2021-Jan-01 00:00 23 18 14.79 -05 39 56.5
 2021-Jan-02 00:00 23 18 18.92 -05 39 28.6
 2021-Jan-03 00:00 23 18 23.17 -05 39 00.0
 2021-Jan-04 00:00 23 18 27.53 -05 38 30.7
 2021-Jan-05 00:00 23 18 32.00 -05 38 00.7
 2021-Jan-06 00:00 23 18 36.58 -05 37 30.0
 2021-Jan-07 00:00 23 18 41.27 -05 36 58.6
 2021-Jan-08 00:00 23 18 46.07 -05 36 26.6
 2021-Jan-09 00:00 23 18 50.98 -05 35 53.9
 2021-Jan-10 00:00 23 18 56.00 -05 35 20.6
 2021-Jan-11 00:00 23 19 01.12 -05 34 46.6
 2021-Jan-12 00:00 23 19 06.34 -05 34 11.9
 2021-Jan-13 00:00 23 19 11.67 -05 33 36.6
 2021-Jan-14 00:00 23 19 17.10 -05 33 00.7
 2021-Jan-15 00:00 23 19 22.63 -05 32 24.2
 2021-Jan-16 00:00 23 19 28.25 -05 31 47.1
 2021-Jan-17 00:00 23 19 33.98 -05 31 09.4
 2021-Jan-18 00:00 23 19 39.80 -05 30 31.1
 2021-Jan-19 00:00 23 19 45.71 -05 29 52.3
 2021-Jan-20 00:00 23 19 51.71 -05 29 12.8
 2021-Jan-21 00:00 23 19 57.81 -05 28 32.8
 2021-Jan-22 00:00 23 20 03.99 -05 27 52.3
 2021-Jan-23 00:00 23 20 10.27 -05 27 11.3
 2021-Jan-24 00:00 23 20 16.62 -05 26 29.7
 2021-Jan-25 00:00 23 20 23.07 -05 25 47.6
 2021-Jan-26 00:00 23 20 29.59 -05 25 05.0
 2021-Jan-27 00:00 23 20 36.19 -05 24 21.9
 2021-Jan-28 00:00 23 20 42.88 -05 23 38.4
 2021-Jan-29 00:00 23 20 49.64 -05 22 54.4
 2021-Jan-30 00:00 23 20 56.48 -05 22 09.9
 2021-Jan-31 00:00 23 21 03.39 -05 21 24.9
 2021-Feb-01 00:00 23 21 10.38 -05 20 39.6
 2021-Feb-02 00:00 23 21 17.43 -05 19 53.8
 2021-Feb-03 00:00 23 21 24.56 -05 19 07.6
 2021-Feb-04 00:00 23 21 31.76 -05 18 21.0
 2021-Feb-05 00:00 23 21 39.02 -05 17 34.0
 2021-Feb-06 00:00 23 21 46.35 -05 16 46.6
 2021-Feb-07 00:00 23 21 53.74 -05 15 58.8
 2021-Feb-08 00:00 23 22 01.19 -05 15 10.6
 2021-Feb-09 00:00 23 22 08.70 -05 14 22.2
 2021-Feb-10 00:00 23 22 16.27 -05 13 33.3
 2021-Feb-11 00:00 23 22 23.90 -05 12 44.2
 2021-Feb-12 00:00 23 22 31.58 -05 11 54.7
 2021-Feb-13 00:00 23 22 39.31 -05 11 04.9
 2021-Feb-14 00:00 23 22 47.10 -05 10 14.8
 2021-Feb-15 00:00 23 22 54.93 -05 09 24.5
 2021-Feb-16 00:00 23 23 02.80 -05 08 33.9
 2021-Feb-17 00:00 23 23 10.72 -05 07 43.0
 2021-Feb-18 00:00 23 23 18.69 -05 06 51.9
 2021-Feb-19 00:00 23 23 26.69 -05 06 00.6
 2021-Feb-20 00:00 23 23 34.73 -05 05 09.0
 2021-Feb-21 00:00 23 23 42.81 -05 04 17.3
 2021-Feb-22 00:00 23 23 50.92 -05 03 25.4
 2021-Feb-23 00:00 23 23 59.06 -05 02 33.2
 2021-Feb-24 00:00 23 24 07.24 -05 01 41.0
 2021-Feb-25 00:00 23 24 15.44 -05 00 48.5
 2021-Feb-26 00:00 23 24 23.67 -04 59 56.0
 2021-Feb-27 00:00 23 24 31.93 -04 59 03.3
 2021-Feb-28 00:00 23 24 40.21 -04 58 10.5
 2021-Mar-01 00:00 23 24 48.51 -04 57 17.5
 2021-Mar-02 00:00 23 24 56.83 -04 56 24.5
 2021-Mar-03 00:00 23 25 05.17 -04 55 31.4
 2021-Mar-04 00:00 23 25 13.52 -04 54 38.3
 2021-Mar-05 00:00 23 25 21.89 -04 53 45.0
 2021-Mar-06 00:00 23 25 30.27 -04 52 51.8
 2021-Mar-07 00:00 23 25 38.67 -04 51 58.4
 2021-Mar-08 00:00 23 25 47.07 -04 51 05.1
 2021-Mar-09 00:00 23 25 55.48 -04 50 11.7
 2021-Mar-10 00:00 23 26 03.89 -04 49 18.4
 2021-Mar-11 00:00 23 26 12.31 -04 48 25.0
 2021-Mar-12 00:00 23 26 20.72 -04 47 31.7
 2021-Mar-13 00:00 23 26 29.14 -04 46 38.4
 2021-Mar-14 00:00 23 26 37.55 -04 45 45.2
 2021-Mar-15 00:00 23 26 45.96 -04 44 52.1
 2021-Mar-16 00:00 23 26 54.36 -04 43 59.0
 2021-Mar-17 00:00 23 27 02.75 -04 43 06.0
 2021-Mar-18 00:00 23 27 11.13 -04 42 13.1
 2021-Mar-19 00:00 23 27 19.49 -04 41 20.3
 2021-Mar-20 00:00 23 27 27.84 -04 40 27.7
 2021-Mar-21 00:00 23 27 36.18 -04 39 35.2
 2021-Mar-22 00:00 23 27 44.49 -04 38 42.9
 2021-Mar-23 00:00 23 27 52.78 -04 37 50.7
 2021-Mar-24 00:00 23 28 01.05 -04 36 58.7
 2021-Mar-25 00:00 23 28 09.30 -04 36 06.9
 2021-Mar-26 00:00 23 28 17.52 -04 35 15.3
 2021-Mar-27 00:00 23 28 25.71 -04 34 23.9
 2021-Mar-28 00:00 23 28 33.88 -04 33 32.7
 2021-Mar-29 00:00 23 28 42.01 -04 32 41.7
 2021-Mar-30 00:00 23 28 50.11 -04 31 51.0
 2021-Mar-31 00:00 23 28 58.18 -04 31 00.6
 2021-Apr-01 00:00 23 29 06.21 -04 30 10.4
 2021-Apr-02 00:00 23 29 14.20 -04 29 20.4
 2021-Apr-03 00:00 23 29 22.15 -04 28 30.8
 2021-Apr-04 00:00 23 29 30.06 -04 27 41.4
 2021-Apr-05 00:00 23 29 37.93 -04 26 52.4
 2021-Apr-06 00:00 23 29 45.76 -04 26 03.7
 2021-Apr-07 00:00 23 29 53.53 -04 25 15.3
 2021-Apr-08 00:00 23 30 01.26 -04 24 27.2
 2021-Apr-09 00:00 23 30 08.94 -04 23 39.5
 2021-Apr-10 00:00 23 30 16.57 -04 22 52.1
 2021-Apr-11 00:00 23 30 24.14 -04 22 05.2
 2021-Apr-12 00:00 23 30 31.66 -04 21 18.6
 2021-Apr-13 00:00 23 30 39.12 -04 20 32.4
 2021-Apr-14 00:00 23 30 46.53 -04 19 46.6
 2021-Apr-15 00:00 23 30 53.87 -04 19 01.2
 2021-Apr-16 00:00 23 31 01.15 -04 18 16.3
 2021-Apr-17 00:00 23 31 08.36 -04 17 31.8
 2021-Apr-18 00:00 23 31 15.51 -04 16 47.7
 2021-Apr-19 00:00 23 31 22.60 -04 16 04.1
 2021-Apr-20 00:00 23 31 29.61 -04 15 21.0
 2021-Apr-21 00:00 23 31 36.56 -04 14 38.4
 2021-Apr-22 00:00 23 31 43.43 -04 13 56.2
 2021-Apr-23 00:00 23 31 50.23 -04 13 14.5
 2021-Apr-24 00:00 23 31 56.96 -04 12 33.4
 2021-Apr-25 00:00 23 32 03.61 -04 11 52.7
 2021-Apr-26 00:00 23 32 10.19 -04 11 12.6
 2021-Apr-27 00:00 23 32 16.69 -04 10 33.0
 2021-Apr-28 00:00 23 32 23.11 -04 09 53.9
 2021-Apr-29 00:00 23 32 29.45 -04 09 15.4
 2021-Apr-30 00:00 23 32 35.70 -04 08 37.4
 2021-May-01 00:00 23 32 41.88 -04 08 00.0
 2021-May-02 00:00 23 32 47.97 -04 07 23.1
 2021-May-03 00:00 23 32 53.97 -04 06 46.8
 2021-May-04 00:00 23 32 59.89 -04 06 11.1
 2021-May-05 00:00 23 33 05.72 -04 05 36.0
 2021-May-06 00:00 23 33 11.46 -04 05 01.5
 2021-May-07 00:00 23 33 17.11 -04 04 27.6
 2021-May-08 00:00 23 33 22.67 -04 03 54.3
 2021-May-09 00:00 23 33 28.13 -04 03 21.6
 2021-May-10 00:00 23 33 33.50 -04 02 49.6
 2021-May-11 00:00 23 33 38.78 -04 02 18.2
 2021-May-12 00:00 23 33 43.95 -04 01 47.4
 2021-May-13 00:00 23 33 49.03 -04 01 17.4
 2021-May-14 00:00 23 33 54.00 -04 00 47.9
 2021-May-15 00:00 23 33 58.88 -04 00 19.2
 2021-May-16 00:00 23 34 03.65 -03 59 51.1
 2021-May-17 00:00 23 34 08.33 -03 59 23.7
 2021-May-18 00:00 23 34 12.89 -03 58 57.0
 2021-May-19 00:00 23 34 17.36 -03 58 30.9
 2021-May-20 00:00 23 34 21.72 -03 58 05.6
 2021-May-21 00:00 23 34 25.97 -03 57 41.0
 2021-May-22 00:00 23 34 30.11 -03 57 17.1
 2021-May-23 00:00 23 34 34.15 -03 56 53.9
 2021-May-24 00:00 23 34 38.08 -03 56 31.4
 2021-May-25 00:00 23 34 41.90 -03 56 09.6
 2021-May-26 00:00 23 34 45.61 -03 55 48.5
 2021-May-27 00:00 23 34 49.21 -03 55 28.2
 2021-May-28 00:00 23 34 52.71 -03 55 08.6
 2021-May-29 00:00 23 34 56.08 -03 54 49.7
 2021-May-30 00:00 23 34 59.35 -03 54 31.6
 2021-May-31 00:00 23 35 02.51 -03 54 14.2
 2021-Jun-01 00:00 23 35 05.55 -03 53 57.5
 2021-Jun-02 00:00 23 35 08.47 -03 53 41.6
 2021-Jun-03 00:00 23 35 11.28 -03 53 26.4
 2021-Jun-04 00:00 23 35 13.98 -03 53 12.0
 2021-Jun-05 00:00 23 35 16.56 -03 52 58.4
 2021-Jun-06 00:00 23 35 19.02 -03 52 45.5
 2021-Jun-07 00:00 23 35 21.36 -03 52 33.4
 2021-Jun-08 00:00 23 35 23.59 -03 52 22.0
 2021-Jun-09 00:00 23 35 25.70 -03 52 11.4
 2021-Jun-10 00:00 23 35 27.68 -03 52 01.6
 2021-Jun-11 00:00 23 35 29.55 -03 51 52.6
 2021-Jun-12 00:00 23 35 31.30 -03 51 44.3
 2021-Jun-13 00:00 23 35 32.93 -03 51 36.9
 2021-Jun-14 00:00 23 35 34.44 -03 51 30.2
 2021-Jun-15 00:00 23 35 35.83 -03 51 24.2
 2021-Jun-16 00:00 23 35 37.10 -03 51 19.1
 2021-Jun-17 00:00 23 35 38.25 -03 51 14.7
 2021-Jun-18 00:00 23 35 39.28 -03 51 11.2
 2021-Jun-19 00:00 23 35 40.18 -03 51 08.3
 2021-Jun-20 00:00 23 35 40.97 -03 51 06.3
 2021-Jun-21 00:00 23 35 41.64 -03 51 05.1
 2021-Jun-22 00:00 23 35 42.19 -03 51 04.6
 2021-Jun-23 00:00 23 35 42.61 -03 51 04.8
 2021-Jun-24 00:00 23 35 42.92 -03 51 05.9
 2021-Jun-25 00:00 23 35 43.11 -03 51 07.7
 2021-Jun-26 00:00 23 35 43.18 -03 51 10.3
 2021-Jun-27 00:00 23 35 43.13 -03 51 13.6
 2021-Jun-28 00:00 23 35 42.97 -03 51 17.7
 2021-Jun-29 00:00 23 35 42.68 -03 51 22.6
 2021-Jun-30 00:00 23 35 42.27 -03 51 28.2
 2021-Jul-01 00:00 23 35 41.75 -03 51 34.6
 2021-Jul-02 00:00 23 35 41.11 -03 51 41.7
 2021-Jul-03 00:00 23 35 40.34 -03 51 49.6
 2021-Jul-04 00:00 23 35 39.47 -03 51 58.2
 2021-Jul-05 00:00 23 35 38.47 -03 52 07.6
 2021-Jul-06 00:00 23 35 37.35 -03 52 17.7
 2021-Jul-07 00:00 23 35 36.12 -03 52 28.6
 2021-Jul-08 00:00 23 35 34.78 -03 52 40.2
 2021-Jul-09 00:00 23 35 33.32 -03 52 52.5
 2021-Jul-10 00:00 23 35 31.74 -03 53 05.6
 2021-Jul-11 00:00 23 35 30.05 -03 53 19.3
 2021-Jul-12 00:00 23 35 28.24 -03 53 33.8
 2021-Jul-13 00:00 23 35 26.32 -03 53 49.0
 2021-Jul-14 00:00 23 35 24.29 -03 54 04.9
 2021-Jul-15 00:00 23 35 22.15 -03 54 21.5
 2021-Jul-16 00:00 23 35 19.90 -03 54 38.8
 2021-Jul-17 00:00 23 35 17.54 -03 54 56.8
 2021-Jul-18 00:00 23 35 15.08 -03 55 15.4
 2021-Jul-19 00:00 23 35 12.50 -03 55 34.8
 2021-Jul-20 00:00 23 35 09.82 -03 55 54.7
 2021-Jul-21 00:00 23 35 07.04 -03 56 15.3
 2021-Jul-22 00:00 23 35 04.15 -03 56 36.6
 2021-Jul-23 00:00 23 35 01.16 -03 56 58.5
 2021-Jul-24 00:00 23 34 58.07 -03 57 21.0
 2021-Jul-25 00:00 23 34 54.88 -03 57 44.2
 2021-Jul-26 00:00 23 34 51.59 -03 58 07.9
 2021-Jul-27 00:00 23 34 48.21 -03 58 32.3
 2021-Jul-28 00:00 23 34 44.72 -03 58 57.2
 2021-Jul-29 00:00 23 34 41.14 -03 59 22.8
 2021-Jul-30 00:00 23 34 37.47 -03 59 48.9
 2021-Jul-31 00:00 23 34 33.70 -04 00 15.6
 2021-Aug-01 00:00 23 34 29.84 -04 00 42.8
 2021-Aug-02 00:00 23 34 25.89 -04 01 10.6
 2021-Aug-03 00:00 23 34 21.84 -04 01 39.0
 2021-Aug-04 00:00 23 34 17.72 -04 02 07.8
 2021-Aug-05 00:00 23 34 13.50 -04 02 37.2
 2021-Aug-06 00:00 23 34 09.20 -04 03 07.2
 2021-Aug-07 00:00 23 34 04.82 -04 03 37.6
 2021-Aug-08 00:00 23 34 00.35 -04 04 08.5
 2021-Aug-09 00:00 23 33 55.81 -04 04 39.9
 2021-Aug-10 00:00 23 33 51.18 -04 05 11.7
 2021-Aug-11 00:00 23 33 46.48 -04 05 44.0
 2021-Aug-12 00:00 23 33 41.71 -04 06 16.8
 2021-Aug-13 00:00 23 33 36.86 -04 06 50.0
 2021-Aug-14 00:00 23 33 31.95 -04 07 23.5
 2021-Aug-15 00:00 23 33 26.96 -04 07 57.5
 2021-Aug-16 00:00 23 33 21.91 -04 08 31.9
 2021-Aug-17 00:00 23 33 16.79 -04 09 06.7
 2021-Aug-18 00:00 23 33 11.61 -04 09 41.8
 2021-Aug-19 00:00 23 33 06.37 -04 10 17.3
 2021-Aug-20 00:00 23 33 01.07 -04 10 53.0
 2021-Aug-21 00:00 23 32 55.72 -04 11 29.2
 2021-Aug-22 00:00 23 32 50.31 -04 12 05.6
 2021-Aug-23 00:00 23 32 44.84 -04 12 42.3
 2021-Aug-24 00:00 23 32 39.33 -04 13 19.3
 2021-Aug-25 00:00 23 32 33.76 -04 13 56.6
 2021-Aug-26 00:00 23 32 28.15 -04 14 34.2
 2021-Aug-27 00:00 23 32 22.50 -04 15 11.9
 2021-Aug-28 00:00 23 32 16.79 -04 15 50.0
 2021-Aug-29 00:00 23 32 11.05 -04 16 28.2
 2021-Aug-30 00:00 23 32 05.27 -04 17 06.7
 2021-Aug-31 00:00 23 31 59.45 -04 17 45.3
 2021-Sep-01 00:00 23 31 53.60 -04 18 24.1
 2021-Sep-02 00:00 23 31 47.71 -04 19 03.1
 2021-Sep-03 00:00 23 31 41.79 -04 19 42.2
 2021-Sep-04 00:00 23 31 35.85 -04 20 21.5
 2021-Sep-05 00:00 23 31 29.88 -04 21 00.8
 2021-Sep-06 00:00 23 31 23.88 -04 21 40.3
 2021-Sep-07 00:00 23 31 17.87 -04 22 19.9
 2021-Sep-08 00:00 23 31 11.83 -04 22 59.5
 2021-Sep-09 00:00 23 31 05.78 -04 23 39.2
 2021-Sep-10 00:00 23 30 59.72 -04 24 18.9
 2021-Sep-11 00:00 23 30 53.64 -04 24 58.7
 2021-Sep-12 00:00 23 30 47.56 -04 25 38.4
 2021-Sep-13 00:00 23 30 41.47 -04 26 18.2
 2021-Sep-14 00:00 23 30 35.38 -04 26 57.9
 2021-Sep-15 00:00 23 30 29.28 -04 27 37.6
 2021-Sep-16 00:00 23 30 23.19 -04 28 17.2
 2021-Sep-17 00:00 23 30 17.10 -04 28 56.7
 2021-Sep-18 00:00 23 30 11.01 -04 29 36.2
 2021-Sep-19 00:00 23 30 04.94 -04 30 15.5
 2021-Sep-20 00:00 23 29 58.87 -04 30 54.7
 2021-Sep-21 00:00 23 29 52.82 -04 31 33.8
 2021-Sep-22 00:00 23 29 46.78 -04 32 12.8
 2021-Sep-23 00:00 23 29 40.75 -04 32 51.6
 2021-Sep-24 00:00 23 29 34.75 -04 33 30.2
 2021-Sep-25 00:00 23 29 28.76 -04 34 08.7
 2021-Sep-26 00:00 23 29 22.80 -04 34 46.9
 2021-Sep-27 00:00 23 29 16.87 -04 35 24.9
 2021-Sep-28 00:00 23 29 10.96 -04 36 02.7
 2021-Sep-29 00:00 23 29 05.09 -04 36 40.3
 2021-Sep-30 00:00 23 28 59.24 -04 37 17.6
 2021-Oct-01 00:00 23 28 53.43 -04 37 54.6
 2021-Oct-02 00:00 23 28 47.66 -04 38 31.4
 2021-Oct-03 00:00 23 28 41.93 -04 39 07.8
 2021-Oct-04 00:00 23 28 36.24 -04 39 43.9
 2021-Oct-05 00:00 23 28 30.60 -04 40 19.7
 2021-Oct-06 00:00 23 28 25.00 -04 40 55.1
 2021-Oct-07 00:00 23 28 19.45 -04 41 30.2
 2021-Oct-08 00:00 23 28 13.96 -04 42 04.9
 2021-Oct-09 00:00 23 28 08.52 -04 42 39.2
 2021-Oct-10 00:00 23 28 03.13 -04 43 13.1
 2021-Oct-11 00:00 23 27 57.81 -04 43 46.6
 2021-Oct-12 00:00 23 27 52.54 -04 44 19.6
 2021-Oct-13 00:00 23 27 47.34 -04 44 52.2
 2021-Oct-14 00:00 23 27 42.21 -04 45 24.3
 2021-Oct-15 00:00 23 27 37.14 -04 45 55.9
 2021-Oct-16 00:00 23 27 32.14 -04 46 27.1
 2021-Oct-17 00:00 23 27 27.21 -04 46 57.8
 2021-Oct-18 00:00 23 27 22.35 -04 47 27.9
 2021-Oct-19 00:00 23 27 17.57 -04 47 57.5
 2021-Oct-20 00:00 23 27 12.86 -04 48 26.6
 2021-Oct-21 00:00 23 27 08.24 -04 48 55.2
 2021-Oct-22 00:00 23 27 03.69 -04 49 23.2
 2021-Oct-23 00:00 23 26 59.23 -04 49 50.7
 2021-Oct-24 00:00 23 26 54.84 -04 50 17.5
 2021-Oct-25 00:00 23 26 50.55 -04 50 43.8
 2021-Oct-26 00:00 23 26 46.34 -04 51 09.5
 2021-Oct-27 00:00 23 26 42.22 -04 51 34.6
 2021-Oct-28 00:00 23 26 38.19 -04 51 59.1
 2021-Oct-29 00:00 23 26 34.25 -04 52 22.9
 2021-Oct-30 00:00 23 26 30.41 -04 52 46.1
 2021-Oct-31 00:00 23 26 26.66 -04 53 08.7
 2021-Nov-01 00:00 23 26 23.01 -04 53 30.6
 2021-Nov-02 00:00 23 26 19.46 -04 53 51.8
 2021-Nov-03 00:00 23 26 16.01 -04 54 12.4
 2021-Nov-04 00:00 23 26 12.67 -04 54 32.3
 2021-Nov-05 00:00 23 26 09.43 -04 54 51.5
 2021-Nov-06 00:00 23 26 06.29 -04 55 10.0
 2021-Nov-07 00:00 23 26 03.26 -04 55 27.7
 2021-Nov-08 00:00 23 26 00.34 -04 55 44.8
 2021-Nov-09 00:00 23 25 57.53 -04 56 01.1
 2021-Nov-10 00:00 23 25 54.83 -04 56 16.7
 2021-Nov-11 00:00 23 25 52.25 -04 56 31.5
 2021-Nov-12 00:00 23 25 49.77 -04 56 45.6
 2021-Nov-13 00:00 23 25 47.41 -04 56 58.9
 2021-Nov-14 00:00 23 25 45.17 -04 57 11.5
 2021-Nov-15 00:00 23 25 43.04 -04 57 23.3
 2021-Nov-16 00:00 23 25 41.03 -04 57 34.3
 2021-Nov-17 00:00 23 25 39.14 -04 57 44.6
 2021-Nov-18 00:00 23 25 37.36 -04 57 54.1
 2021-Nov-19 00:00 23 25 35.71 -04 58 02.8
 2021-Nov-20 00:00 23 25 34.17 -04 58 10.7
 2021-Nov-21 00:00 23 25 32.76 -04 58 17.9
 2021-Nov-22 00:00 23 25 31.47 -04 58 24.2
 2021-Nov-23 00:00 23 25 30.30 -04 58 29.8
 2021-Nov-24 00:00 23 25 29.25 -04 58 34.5
 2021-Nov-25 00:00 23 25 28.32 -04 58 38.4
 2021-Nov-26 00:00 23 25 27.52 -04 58 41.6
 2021-Nov-27 00:00 23 25 26.85 -04 58 43.9
 2021-Nov-28 00:00 23 25 26.30 -04 58 45.4
 2021-Nov-29 00:00 23 25 25.88 -04 58 46.2
 2021-Nov-30 00:00 23 25 25.58 -04 58 46.0
 2021-Dec-01 00:00 23 25 25.41 -04 58 45.1
 2021-Dec-02 00:00 23 25 25.37 -04 58 43.4
 2021-Dec-03 00:00 23 25 25.46 -04 58 40.8
 2021-Dec-04 00:00 23 25 25.67 -04 58 37.4
 2021-Dec-05 00:00 23 25 26.02 -04 58 33.1
 2021-Dec-06 00:00 23 25 26.49 -04 58 28.1
 2021-Dec-07 00:00 23 25 27.09 -04 58 22.2
 2021-Dec-08 00:00 23 25 27.82 -04 58 15.5
 2021-Dec-09 00:00 23 25 28.68 -04 58 07.9
 2021-Dec-10 00:00 23 25 29.67 -04 57 59.6
 2021-Dec-11 00:00 23 25 30.78 -04 57 50.4
 2021-Dec-12 00:00 23 25 32.03 -04 57 40.4
 2021-Dec-13 00:00 23 25 33.40 -04 57 29.6
 2021-Dec-14 00:00 23 25 34.90 -04 57 17.9
 2021-Dec-15 00:00 23 25 36.53 -04 57 05.5
 2021-Dec-16 00:00 23 25 38.28 -04 56 52.2
 2021-Dec-17 00:00 23 25 40.16 -04 56 38.2
 2021-Dec-18 00:00 23 25 42.17 -04 56 23.3
 2021-Dec-19 00:00 23 25 44.30 -04 56 07.7
 2021-Dec-20 00:00 23 25 46.56 -04 55 51.2
 2021-Dec-21 00:00 23 25 48.94 -04 55 34.0
 2021-Dec-22 00:00 23 25 51.45 -04 55 16.0
 2021-Dec-23 00:00 23 25 54.08 -04 54 57.2
 2021-Dec-24 00:00 23 25 56.84 -04 54 37.6
 2021-Dec-25 00:00 23 25 59.71 -04 54 17.2
 2021-Dec-26 00:00 23 26 02.71 -04 53 56.1
 2021-Dec-27 00:00 23 26 05.84 -04 53 34.2
 2021-Dec-28 00:00 23 26 09.08 -04 53 11.5
 2021-Dec-29 00:00 23 26 12.44 -04 52 48.1
 2021-Dec-30 00:00 23 26 15.93 -04 52 23.9
 2021-Dec-31 00:00 23 26 19.53 -04 51 59.0
 2022-Jan-01 00:00 23 26 23.25 -04 51 33.3
 2022-Jan-02 00:00 23 26 27.09 -04 51 06.9
 2022-Jan-03 00:00 23 26 31.05 -04 50 39.8
 2022-Jan-04 00:00 23 26 35.12 -04 50 11.9
 2022-Jan-05 00:00 23 26 39.30 -04 49 43.3
 2022-Jan-06 00:00 23 26 43.60 -04 49 14.1
 2022-Jan-07 00:00 23 26 48.02 -04 48 44.1
 2022-Jan-08 00:00 23 26 52.54 -04 48 13.4
 2022-Jan-09 00:00 23 26 57.17 -04 47 42.0
 2022-Jan-10 00:00 23 27 01.91 -04 47 10.0
 2022-Jan-11 00:00 23 27 06.76 -04 46 37.3
 2022-Jan-12 00:00 23 27 11.72 -04 46 03.9
 2022-Jan-13 00:00 23 27 16.77 -04 45 29.9
 2022-Jan-14 00:00 23 27 21.94 -04 44 55.3
 2022-Jan-15 00:00 23 27 27.20 -04 44 20.0
 2022-Jan-16 00:00 23 27 32.56 -04 43 44.1
 2022-Jan-17 00:00 23 27 38.03 -04 43 07.6
 2022-Jan-18 00:00 23 27 43.59 -04 42 30.5
 2022-Jan-19 00:00 23 27 49.25 -04 41 52.7
 2022-Jan-20 00:00 23 27 55.00 -04 41 14.5
 2022-Jan-21 00:00 23 28 00.85 -04 40 35.6
 2022-Jan-22 00:00 23 28 06.79 -04 39 56.1
 2022-Jan-23 00:00 23 28 12.82 -04 39 16.1
 2022-Jan-24 00:00 23 28 18.94 -04 38 35.6
 2022-Jan-25 00:00 23 28 25.15 -04 37 54.5
 2022-Jan-26 00:00 23 28 31.45 -04 37 12.9
 2022-Jan-27 00:00 23 28 37.83 -04 36 30.7
 2022-Jan-28 00:00 23 28 44.30 -04 35 48.1
 2022-Jan-29 00:00 23 28 50.85 -04 35 04.9
 2022-Jan-30 00:00 23 28 57.48 -04 34 21.3
 2022-Jan-31 00:00 23 29 04.19 -04 33 37.1
 2022-Feb-01 00:00 23 29 10.98 -04 32 52.5
 2022-Feb-02 00:00 23 29 17.85 -04 32 07.5
 2022-Feb-03 00:00 23 29 24.79 -04 31 21.9
 2022-Feb-04 00:00 23 29 31.80 -04 30 36.0
 2022-Feb-05 00:00 23 29 38.88 -04 29 49.6
 2022-Feb-06 00:00 23 29 46.03 -04 29 02.8
 2022-Feb-07 00:00 23 29 53.25 -04 28 15.7
 2022-Feb-08 00:00 23 30 00.53 -04 27 28.1
 2022-Feb-09 00:00 23 30 07.87 -04 26 40.1
 2022-Feb-10 00:00 23 30 15.28 -04 25 51.8
 2022-Feb-11 00:00 23 30 22.74 -04 25 03.2
 2022-Feb-12 00:00 23 30 30.27 -04 24 14.2
 2022-Feb-13 00:00 23 30 37.84 -04 23 24.9
 2022-Feb-14 00:00 23 30 45.48 -04 22 35.3
 2022-Feb-15 00:00 23 30 53.16 -04 21 45.3
 2022-Feb-16 00:00 23 31 00.90 -04 20 55.1
 2022-Feb-17 00:00 23 31 08.68 -04 20 04.6
 2022-Feb-18 00:00 23 31 16.51 -04 19 13.9
 2022-Feb-19 00:00 23 31 24.38 -04 18 22.8
 2022-Feb-20 00:00 23 31 32.30 -04 17 31.6
 2022-Feb-21 00:00 23 31 40.26 -04 16 40.1
 2022-Feb-22 00:00 23 31 48.26 -04 15 48.4
 2022-Feb-23 00:00 23 31 56.30 -04 14 56.4
 2022-Feb-24 00:00 23 32 04.38 -04 14 04.3
 2022-Feb-25 00:00 23 32 12.49 -04 13 12.0
 2022-Feb-26 00:00 23 32 20.63 -04 12 19.5
 2022-Feb-27 00:00 23 32 28.81 -04 11 26.8
 2022-Feb-28 00:00 23 32 37.01 -04 10 34.0
 2022-Mar-01 00:00 23 32 45.24 -04 09 41.0
 2022-Mar-02 00:00 23 32 53.49 -04 08 47.9
 2022-Mar-03 00:00 23 33 01.77 -04 07 54.7
 2022-Mar-04 00:00 23 33 10.07 -04 07 01.4
 2022-Mar-05 00:00 23 33 18.38 -04 06 08.0
 2022-Mar-06 00:00 23 33 26.72 -04 05 14.6
 2022-Mar-07 00:00 23 33 35.06 -04 04 21.1
 2022-Mar-08 00:00 23 33 43.42 -04 03 27.5
 2022-Mar-09 00:00 23 33 51.80 -04 02 33.9
 2022-Mar-10 00:00 23 34 00.17 -04 01 40.3
 2022-Mar-11 00:00 23 34 08.56 -04 00 46.7
 2022-Mar-12 00:00 23 34 16.95 -03 59 53.1
 2022-Mar-13 00:00 23 34 25.34 -03 58 59.5
 2022-Mar-14 00:00 23 34 33.74 -03 58 05.9
 2022-Mar-15 00:00 23 34 42.13 -03 57 12.4
 2022-Mar-16 00:00 23 34 50.52 -03 56 18.9
 2022-Mar-17 00:00 23 34 58.91 -03 55 25.5
 2022-Mar-18 00:00 23 35 07.29 -03 54 32.2
 2022-Mar-19 00:00 23 35 15.66 -03 53 38.9
 2022-Mar-20 00:00 23 35 24.02 -03 52 45.8
 2022-Mar-21 00:00 23 35 32.37 -03 51 52.7
 2022-Mar-22 00:00 23 35 40.71 -03 50 59.8
 2022-Mar-23 00:00 23 35 49.04 -03 50 07.0
 2022-Mar-24 00:00 23 35 57.34 -03 49 14.4
 2022-Mar-25 00:00 23 36 05.63 -03 48 21.9
 2022-Mar-26 00:00 23 36 13.90 -03 47 29.6
 2022-Mar-27 00:00 23 36 22.15 -03 46 37.4
 2022-Mar-28 00:00 23 36 30.37 -03 45 45.5
 2022-Mar-29 00:00 23 36 38.56 -03 44 53.7
 2022-Mar-30 00:00 23 36 46.73 -03 44 02.1
 2022-Mar-31 00:00 23 36 54.87 -03 43 10.8
 2022-Apr-01 00:00 23 37 02.98 -03 42 19.7
 2022-Apr-02 00:00 23 37 11.05 -03 41 28.9
 2022-Apr-03 00:00 23 37 19.09 -03 40 38.3
 2022-Apr-04 00:00 23 37 27.09 -03 39 48.0
 2022-Apr-05 00:00 23 37 35.05 -03 38 58.0
 2022-Apr-06 00:00 23 37 42.97 -03 38 08.3
 2022-Apr-07 00:00 23 37 50.84 -03 37 18.9
 2022-Apr-08 00:00 23 37 58.67 -03 36 29.9
 2022-Apr-09 00:00 23 38 06.46 -03 35 41.1
 2022-Apr-10 00:00 23 38 14.20 -03 34 52.7
 2022-Apr-11 00:00 23 38 21.88 -03 34 04.7
 2022-Apr-12 00:00 23 38 29.52 -03 33 17.0
 2022-Apr-13 00:00 23 38 37.10 -03 32 29.7
 2022-Apr-14 00:00 23 38 44.63 -03 31 42.8
 2022-Apr-15 00:00 23 38 52.10 -03 30 56.3
 2022-Apr-16 00:00 23 38 59.52 -03 30 10.2
 2022-Apr-17 00:00 23 39 06.88 -03 29 24.5
 2022-Apr-18 00:00 23 39 14.18 -03 28 39.2
 2022-Apr-19 00:00 23 39 21.41 -03 27 54.3
 2022-Apr-20 00:00 23 39 28.58 -03 27 09.9
 2022-Apr-21 00:00 23 39 35.69 -03 26 25.9
 2022-Apr-22 00:00 23 39 42.73 -03 25 42.4
 2022-Apr-23 00:00 23 39 49.71 -03 24 59.4
 2022-Apr-24 00:00 23 39 56.61 -03 24 16.8
 2022-Apr-25 00:00 23 40 03.45 -03 23 34.7
 2022-Apr-26 00:00 23 40 10.21 -03 22 53.1
 2022-Apr-27 00:00 23 40 16.90 -03 22 12.1
 2022-Apr-28 00:00 23 40 23.51 -03 21 31.5
 2022-Apr-29 00:00 23 40 30.04 -03 20 51.5
 2022-Apr-30 00:00 23 40 36.50 -03 20 12.0
 2022-May-01 00:00 23 40 42.88 -03 19 33.0
 2022-May-02 00:00 23 40 49.17 -03 18 54.6
 2022-May-03 00:00 23 40 55.38 -03 18 16.8
 2022-May-04 00:00 23 41 01.51 -03 17 39.5
 2022-May-05 00:00 23 41 07.55 -03 17 02.9
 2022-May-06 00:00 23 41 13.51 -03 16 26.8
 2022-May-07 00:00 23 41 19.37 -03 15 51.3
 2022-May-08 00:00 23 41 25.15 -03 15 16.4
 2022-May-09 00:00 23 41 30.84 -03 14 42.1
 2022-May-10 00:00 23 41 36.43 -03 14 08.5
 2022-May-11 00:00 23 41 41.93 -03 13 35.4
 2022-May-12 00:00 23 41 47.34 -03 13 03.1
 2022-May-13 00:00 23 41 52.65 -03 12 31.3
 2022-May-14 00:00 23 41 57.87 -03 12 00.2
 2022-May-15 00:00 23 42 02.99 -03 11 29.7
 2022-May-16 00:00 23 42 08.02 -03 10 59.9
 2022-May-17 00:00 23 42 12.94 -03 10 30.8
 2022-May-18 00:00 23 42 17.76 -03 10 02.3
 2022-May-19 00:00 23 42 22.49 -03 09 34.4
 2022-May-20 00:00 23 42 27.11 -03 09 07.3
 2022-May-21 00:00 23 42 31.63 -03 08 40.9
 2022-May-22 00:00 23 42 36.05 -03 08 15.1
 2022-May-23 00:00 23 42 40.36 -03 07 50.0
 2022-May-24 00:00 23 42 44.56 -03 07 25.6
 2022-May-25 00:00 23 42 48.66 -03 07 02.0
 2022-May-26 00:00 23 42 52.65 -03 06 39.0
 2022-May-27 00:00 23 42 56.54 -03 06 16.8
 2022-May-28 00:00 23 43 00.31 -03 05 55.3
 2022-May-29 00:00 23 43 03.97 -03 05 34.5
 2022-May-30 00:00 23 43 07.52 -03 05 14.5
 2022-May-31 00:00 23 43 10.96 -03 04 55.2
 2022-Jun-01 00:00 23 43 14.29 -03 04 36.7
 2022-Jun-02 00:00 23 43 17.50 -03 04 18.9
 2022-Jun-03 00:00 23 43 20.60 -03 04 01.8
 2022-Jun-04 00:00 23 43 23.58 -03 03 45.5
 2022-Jun-05 00:00 23 43 26.45 -03 03 30.0
 2022-Jun-06 00:00 23 43 29.20 -03 03 15.2
 2022-Jun-07 00:00 23 43 31.84 -03 03 01.2
 2022-Jun-08 00:00 23 43 34.36 -03 02 48.0
 2022-Jun-09 00:00 23 43 36.76 -03 02 35.5
 2022-Jun-10 00:00 23 43 39.05 -03 02 23.8
 2022-Jun-11 00:00 23 43 41.22 -03 02 12.9
 2022-Jun-12 00:00 23 43 43.27 -03 02 02.7
 2022-Jun-13 00:00 23 43 45.21 -03 01 53.3
 2022-Jun-14 00:00 23 43 47.02 -03 01 44.6
 2022-Jun-15 00:00 23 43 48.72 -03 01 36.8
 2022-Jun-16 00:00 23 43 50.30 -03 01 29.7
 2022-Jun-17 00:00 23 43 51.76 -03 01 23.4
 2022-Jun-18 00:00 23 43 53.10 -03 01 17.8
 2022-Jun-19 00:00 23 43 54.32 -03 01 13.0
 2022-Jun-20 00:00 23 43 55.42 -03 01 09.0
 2022-Jun-21 00:00 23 43 56.41 -03 01 05.8
 2022-Jun-22 00:00 23 43 57.27 -03 01 03.4
 2022-Jun-23 00:00 23 43 58.01 -03 01 01.7
 2022-Jun-24 00:00 23 43 58.63 -03 01 00.8
 2022-Jun-25 00:00 23 43 59.13 -03 01 00.7
 2022-Jun-26 00:00 23 43 59.51 -03 01 01.4
 2022-Jun-27 00:00 23 43 59.77 -03 01 02.8
 2022-Jun-28 00:00 23 43 59.91 -03 01 05.1
 2022-Jun-29 00:00 23 43 59.93 -03 01 08.1
 2022-Jun-30 00:00 23 43 59.83 -03 01 11.8
 2022-Jul-01 00:00 23 43 59.60 -03 01 16.4
 2022-Jul-02 00:00 23 43 59.26 -03 01 21.7
 2022-Jul-03 00:00 23 43 58.80 -03 01 27.8
 2022-Jul-04 00:00 23 43 58.22 -03 01 34.6
 2022-Jul-05 00:00 23 43 57.52 -03 01 42.2
 2022-Jul-06 00:00 23 43 56.71 -03 01 50.6
 2022-Jul-07 00:00 23 43 55.78 -03 01 59.7
 2022-Jul-08 00:00 23 43 54.73 -03 02 09.5
 2022-Jul-09 00:00 23 43 53.56 -03 02 20.1
 2022-Jul-10 00:00 23 43 52.28 -03 02 31.4
 2022-Jul-11 00:00 23 43 50.89 -03 02 43.4
 2022-Jul-12 00:00 23 43 49.38 -03 02 56.2
 2022-Jul-13 00:00 23 43 47.76 -03 03 09.7
 2022-Jul-14 00:00 23 43 46.02 -03 03 23.9
 2022-Jul-15 00:00 23 43 44.18 -03 03 38.8
 2022-Jul-16 00:00 23 43 42.22 -03 03 54.4
 2022-Jul-17 00:00 23 43 40.15 -03 04 10.7
 2022-Jul-18 00:00 23 43 37.97 -03 04 27.6
 2022-Jul-19 00:00 23 43 35.69 -03 04 45.3
 2022-Jul-20 00:00 23 43 33.29 -03 05 03.7
 2022-Jul-21 00:00 23 43 30.78 -03 05 22.7
 2022-Jul-22 00:00 23 43 28.17 -03 05 42.4
 2022-Jul-23 00:00 23 43 25.46 -03 06 02.8
 2022-Jul-24 00:00 23 43 22.63 -03 06 23.8
 2022-Jul-25 00:00 23 43 19.71 -03 06 45.5
 2022-Jul-26 00:00 23 43 16.68 -03 07 07.8
 2022-Jul-27 00:00 23 43 13.54 -03 07 30.7
 2022-Jul-28 00:00 23 43 10.31 -03 07 54.3
 2022-Jul-29 00:00 23 43 06.98 -03 08 18.5
 2022-Jul-30 00:00 23 43 03.55 -03 08 43.3
 2022-Jul-31 00:00 23 43 00.02 -03 09 08.7
 2022-Aug-01 00:00 23 42 56.40 -03 09 34.7
 2022-Aug-02 00:00 23 42 52.68 -03 10 01.2
 2022-Aug-03 00:00 23 42 48.87 -03 10 28.4
 2022-Aug-04 00:00 23 42 44.97 -03 10 56.1
 2022-Aug-05 00:00 23 42 40.98 -03 11 24.3
 2022-Aug-06 00:00 23 42 36.90 -03 11 53.1
 2022-Aug-07 00:00 23 42 32.74 -03 12 22.4
 2022-Aug-08 00:00 23 42 28.49 -03 12 52.2
 2022-Aug-09 00:00 23 42 24.16 -03 13 22.5
 2022-Aug-10 00:00 23 42 19.75 -03 13 53.3
 2022-Aug-11 00:00 23 42 15.26 -03 14 24.5
 2022-Aug-12 00:00 23 42 10.69 -03 14 56.3
 2022-Aug-13 00:00 23 42 06.04 -03 15 28.4
 2022-Aug-14 00:00 23 42 01.32 -03 16 01.1
 2022-Aug-15 00:00 23 41 56.53 -03 16 34.1
 2022-Aug-16 00:00 23 41 51.66 -03 17 07.6
 2022-Aug-17 00:00 23 41 46.72 -03 17 41.5
 2022-Aug-18 00:00 23 41 41.72 -03 18 15.9
 2022-Aug-19 00:00 23 41 36.64 -03 18 50.6
 2022-Aug-20 00:00 23 41 31.51 -03 19 25.6
 2022-Aug-21 00:00 23 41 26.30 -03 20 01.1
 2022-Aug-22 00:00 23 41 21.04 -03 20 36.9
 2022-Aug-23 00:00 23 41 15.72 -03 21 13.0
 2022-Aug-24 00:00 23 41 10.34 -03 21 49.5
 2022-Aug-25 00:00 23 41 04.91 -03 22 26.2
 2022-Aug-26 00:00 23 40 59.42 -03 23 03.3
 2022-Aug-27 00:00 23 40 53.88 -03 23 40.6
 2022-Aug-28 00:00 23 40 48.30 -03 24 18.3
 2022-Aug-29 00:00 23 40 42.66 -03 24 56.1
 2022-Aug-30 00:00 23 40 36.99 -03 25 34.3
 2022-Aug-31 00:00 23 40 31.27 -03 26 12.6
 2022-Sep-01 00:00 23 40 25.51 -03 26 51.1
 2022-Sep-02 00:00 23 40 19.71 -03 27 29.9
 2022-Sep-03 00:00 23 40 13.88 -03 28 08.8
 2022-Sep-04 00:00 23 40 08.02 -03 28 47.9
 2022-Sep-05 00:00 23 40 02.12 -03 29 27.1
 2022-Sep-06 00:00 23 39 56.20 -03 30 06.5
 2022-Sep-07 00:00 23 39 50.25 -03 30 45.9
 2022-Sep-08 00:00 23 39 44.28 -03 31 25.5
 2022-Sep-09 00:00 23 39 38.29 -03 32 05.2
 2022-Sep-10 00:00 23 39 32.27 -03 32 44.9
 2022-Sep-11 00:00 23 39 26.24 -03 33 24.7
 2022-Sep-12 00:00 23 39 20.20 -03 34 04.5
 2022-Sep-13 00:00 23 39 14.14 -03 34 44.4
 2022-Sep-14 00:00 23 39 08.07 -03 35 24.3
 2022-Sep-15 00:00 23 39 01.99 -03 36 04.2
 2022-Sep-16 00:00 23 38 55.91 -03 36 44.1
 2022-Sep-17 00:00 23 38 49.82 -03 37 23.9
 2022-Sep-18 00:00 23 38 43.73 -03 38 03.7
 2022-Sep-19 00:00 23 38 37.64 -03 38 43.5
 2022-Sep-20 00:00 23 38 31.56 -03 39 23.2
 2022-Sep-21 00:00 23 38 25.48 -03 40 02.8
 2022-Sep-22 00:00 23 38 19.40 -03 40 42.3
 2022-Sep-23 00:00 23 38 13.34 -03 41 21.7
 2022-Sep-24 00:00 23 38 07.29 -03 42 00.9
 2022-Sep-25 00:00 23 38 01.26 -03 42 40.0
 2022-Sep-26 00:00 23 37 55.24 -03 43 18.9
 2022-Sep-27 00:00 23 37 49.25 -03 43 57.7
 2022-Sep-28 00:00 23 37 43.28 -03 44 36.2
 2022-Sep-29 00:00 23 37 37.33 -03 45 14.5
 2022-Sep-30 00:00 23 37 31.41 -03 45 52.6
 2022-Oct-01 00:00 23 37 25.52 -03 46 30.5
 2022-Oct-02 00:00 23 37 19.67 -03 47 08.1
 2022-Oct-03 00:00 23 37 13.84 -03 47 45.4
 2022-Oct-04 00:00 23 37 08.06 -03 48 22.4
 2022-Oct-05 00:00 23 37 02.32 -03 48 59.1
 2022-Oct-06 00:00 23 36 56.62 -03 49 35.5
 2022-Oct-07 00:00 23 36 50.96 -03 50 11.5
 2022-Oct-08 00:00 23 36 45.35 -03 50 47.2
 2022-Oct-09 00:00 23 36 39.78 -03 51 22.6
 2022-Oct-10 00:00 23 36 34.27 -03 51 57.6
 2022-Oct-11 00:00 23 36 28.81 -03 52 32.2
 2022-Oct-12 00:00 23 36 23.40 -03 53 06.4
 2022-Oct-13 00:00 23 36 18.05 -03 53 40.1
 2022-Oct-14 00:00 23 36 12.76 -03 54 13.5
 2022-Oct-15 00:00 23 36 07.53 -03 54 46.4
 2022-Oct-16 00:00 23 36 02.36 -03 55 18.9
 2022-Oct-17 00:00 23 35 57.26 -03 55 50.9
 2022-Oct-18 00:00 23 35 52.22 -03 56 22.4
 2022-Oct-19 00:00 23 35 47.25 -03 56 53.5
 2022-Oct-20 00:00 23 35 42.36 -03 57 24.0
 2022-Oct-21 00:00 23 35 37.54 -03 57 54.0
 2022-Oct-22 00:00 23 35 32.79 -03 58 23.5
 2022-Oct-23 00:00 23 35 28.12 -03 58 52.5
 2022-Oct-24 00:00 23 35 23.53 -03 59 20.9
 2022-Oct-25 00:00 23 35 19.02 -03 59 48.7
 2022-Oct-26 00:00 23 35 14.60 -04 00 16.0
 2022-Oct-27 00:00 23 35 10.26 -04 00 42.7
 2022-Oct-28 00:00 23 35 06.00 -04 01 08.7
 2022-Oct-29 00:00 23 35 01.84 -04 01 34.2
 2022-Oct-30 00:00 23 34 57.77 -04 01 59.0
 2022-Oct-31 00:00 23 34 53.79 -04 02 23.2
 2022-Nov-01 00:00 23 34 49.91 -04 02 46.8
 2022-Nov-02 00:00 23 34 46.12 -04 03 09.7
 2022-Nov-03 00:00 23 34 42.43 -04 03 31.9
 2022-Nov-04 00:00 23 34 38.84 -04 03 53.5
 2022-Nov-05 00:00 23 34 35.34 -04 04 14.4
 2022-Nov-06 00:00 23 34 31.95 -04 04 34.6
 2022-Nov-07 00:00 23 34 28.67 -04 04 54.1
 2022-Nov-08 00:00 23 34 25.48 -04 05 12.9
 2022-Nov-09 00:00 23 34 22.40 -04 05 31.0
 2022-Nov-10 00:00 23 34 19.43 -04 05 48.4
 2022-Nov-11 00:00 23 34 16.57 -04 06 05.0
 2022-Nov-12 00:00 23 34 13.81 -04 06 21.0
 2022-Nov-13 00:00 23 34 11.17 -04 06 36.2
 2022-Nov-14 00:00 23 34 08.64 -04 06 50.6
 2022-Nov-15 00:00 23 34 06.22 -04 07 04.4
 2022-Nov-16 00:00 23 34 03.91 -04 07 17.3
 2022-Nov-17 00:00 23 34 01.72 -04 07 29.5
 2022-Nov-18 00:00 23 33 59.64 -04 07 40.9
 2022-Nov-19 00:00 23 33 57.69 -04 07 51.6
 2022-Nov-20 00:00 23 33 55.85 -04 08 01.5
 2022-Nov-21 00:00 23 33 54.13 -04 08 10.5
 2022-Nov-22 00:00 23 33 52.53 -04 08 18.8
 2022-Nov-23 00:00 23 33 51.05 -04 08 26.3
 2022-Nov-24 00:00 23 33 49.70 -04 08 33.0
 2022-Nov-25 00:00 23 33 48.46 -04 08 38.9
 2022-Nov-26 00:00 23 33 47.35 -04 08 44.0
 2022-Nov-27 00:00 23 33 46.37 -04 08 48.2
 2022-Nov-28 00:00 23 33 45.51 -04 08 51.6
 2022-Nov-29 00:00 23 33 44.78 -04 08 54.2
 2022-Nov-30 00:00 23 33 44.17 -04 08 56.0
 2022-Dec-01 00:00 23 33 43.69 -04 08 57.0
 2022-Dec-02 00:00 23 33 43.33 -04 08 57.1
 2022-Dec-03 00:00 23 33 43.11 -04 08 56.4
 2022-Dec-04 00:00 23 33 43.00 -04 08 54.9
 2022-Dec-05 00:00 23 33 43.03 -04 08 52.6
 2022-Dec-06 00:00 23 33 43.18 -04 08 49.4
 2022-Dec-07 00:00 23 33 43.46 -04 08 45.5
 2022-Dec-08 00:00 23 33 43.87 -04 08 40.7
 2022-Dec-09 00:00 23 33 44.40 -04 08 35.0
 2022-Dec-10 00:00 23 33 45.06 -04 08 28.6
 2022-Dec-11 00:00 23 33 45.85 -04 08 21.3
 2022-Dec-12 00:00 23 33 46.77 -04 08 13.2
 2022-Dec-13 00:00 23 33 47.82 -04 08 04.3
 2022-Dec-14 00:00 23 33 48.99 -04 07 54.6
 2022-Dec-15 00:00 23 33 50.29 -04 07 44.0
 2022-Dec-16 00:00 23 33 51.72 -04 07 32.7
 2022-Dec-17 00:00 23 33 53.27 -04 07 20.5
 2022-Dec-18 00:00 23 33 54.95 -04 07 07.5
 2022-Dec-19 00:00 23 33 56.76 -04 06 53.7
 2022-Dec-20 00:00 23 33 58.70 -04 06 39.0
 2022-Dec-21 00:00 23 34 00.76 -04 06 23.6
 2022-Dec-22 00:00 23 34 02.95 -04 06 07.3
 2022-Dec-23 00:00 23 34 05.27 -04 05 50.3
 2022-Dec-24 00:00 23 34 07.71 -04 05 32.4
 2022-Dec-25 00:00 23 34 10.28 -04 05 13.8
 2022-Dec-26 00:00 23 34 12.97 -04 04 54.3
 2022-Dec-27 00:00 23 34 15.79 -04 04 34.1
 2022-Dec-28 00:00 23 34 18.73 -04 04 13.1
 2022-Dec-29 00:00 23 34 21.79 -04 03 51.3
 2022-Dec-30 00:00 23 34 24.97 -04 03 28.8
 2022-Dec-31 00:00 23 34 28.27 -04 03 05.5
 2023-Jan-01 00:00 23 34 31.70 -04 02 41.4
 2023-Jan-02 00:00 23 34 35.24 -04 02 16.6
 2023-Jan-03 00:00 23 34 38.89 -04 01 51.0
 2023-Jan-04 00:00 23 34 42.67 -04 01 24.7
 2023-Jan-05 00:00 23 34 46.56 -04 00 57.7
 2023-Jan-06 00:00 23 34 50.56 -04 00 30.0
 2023-Jan-07 00:00 23 34 54.68 -04 00 01.5
 2023-Jan-08 00:00 23 34 58.91 -03 59 32.3
 2023-Jan-09 00:00 23 35 03.26 -03 59 02.5
 2023-Jan-10 00:00 23 35 07.71 -03 58 31.9
 2023-Jan-11 00:00 23 35 12.27 -03 58 00.7
 2023-Jan-12 00:00 23 35 16.95 -03 57 28.8
 2023-Jan-13 00:00 23 35 21.73 -03 56 56.2
 2023-Jan-14 00:00 23 35 26.61 -03 56 22.9
 2023-Jan-15 00:00 23 35 31.61 -03 55 49.0
 2023-Jan-16 00:00 23 35 36.70 -03 55 14.4
 2023-Jan-17 00:00 23 35 41.90 -03 54 39.2
 2023-Jan-18 00:00 23 35 47.21 -03 54 03.4
 2023-Jan-19 00:00 23 35 52.61 -03 53 26.9
 2023-Jan-20 00:00 23 35 58.12 -03 52 49.8
 2023-Jan-21 00:00 23 36 03.72 -03 52 12.1
 2023-Jan-22 00:00 23 36 09.42 -03 51 33.8
 2023-Jan-23 00:00 23 36 15.21 -03 50 54.9
 2023-Jan-24 00:00 23 36 21.10 -03 50 15.5
 2023-Jan-25 00:00 23 36 27.08 -03 49 35.4
 2023-Jan-26 00:00 23 36 33.15 -03 48 54.8
 2023-Jan-27 00:00 23 36 39.31 -03 48 13.7
 2023-Jan-28 00:00 23 36 45.55 -03 47 32.0
 2023-Jan-29 00:00 23 36 51.89 -03 46 49.8
 2023-Jan-30 00:00 23 36 58.30 -03 46 07.1
 2023-Jan-31 00:00 23 37 04.80 -03 45 23.9
 2023-Feb-01 00:00 23 37 11.38 -03 44 40.3
 2023-Feb-02 00:00 23 37 18.04 -03 43 56.1
 2023-Feb-03 00:00 23 37 24.77 -03 43 11.5
 2023-Feb-04 00:00 23 37 31.58 -03 42 26.4
 2023-Feb-05 00:00 23 37 38.46 -03 41 40.8
 2023-Feb-06 00:00 23 37 45.42 -03 40 54.9
 2023-Feb-07 00:00 23 37 52.45 -03 40 08.5
 2023-Feb-08 00:00 23 37 59.54 -03 39 21.7
 2023-Feb-09 00:00 23 38 06.71 -03 38 34.5
 2023-Feb-10 00:00 23 38 13.94 -03 37 46.9
 2023-Feb-11 00:00 23 38 21.23 -03 36 58.9
 2023-Feb-12 00:00 23 38 28.59 -03 36 10.5
 2023-Feb-13 00:00 23 38 36.01 -03 35 21.8
 2023-Feb-14 00:00 23 38 43.49 -03 34 32.8
 2023-Feb-15 00:00 23 38 51.02 -03 33 43.4
 2023-Feb-16 00:00 23 38 58.61 -03 32 53.6
 2023-Feb-17 00:00 23 39 06.26 -03 32 03.6
 2023-Feb-18 00:00 23 39 13.96 -03 31 13.2
 2023-Feb-19 00:00 23 39 21.70 -03 30 22.6
 2023-Feb-20 00:00 23 39 29.50 -03 29 31.7
 2023-Feb-21 00:00 23 39 37.34 -03 28 40.5
 2023-Feb-22 00:00 23 39 45.23 -03 27 49.1
 2023-Feb-23 00:00 23 39 53.16 -03 26 57.4
 2023-Feb-24 00:00 23 40 01.13 -03 26 05.5
 2023-Feb-25 00:00 23 40 09.14 -03 25 13.4
 2023-Feb-26 00:00 23 40 17.18 -03 24 21.1
 2023-Feb-27 00:00 23 40 25.26 -03 23 28.7
 2023-Feb-28 00:00 23 40 33.37 -03 22 36.0
 2023-Mar-01 00:00 23 40 41.52 -03 21 43.2
 2023-Mar-02 00:00 23 40 49.69 -03 20 50.2
 2023-Mar-03 00:00 23 40 57.88 -03 19 57.1
 2023-Mar-04 00:00 23 41 06.11 -03 19 03.9
 2023-Mar-05 00:00 23 41 14.35 -03 18 10.6
 2023-Mar-06 00:00 23 41 22.62 -03 17 17.2
 2023-Mar-07 00:00 23 41 30.90 -03 16 23.6
 2023-Mar-08 00:00 23 41 39.21 -03 15 30.1
 2023-Mar-09 00:00 23 41 47.53 -03 14 36.4
 2023-Mar-10 00:00 23 41 55.86 -03 13 42.7
 2023-Mar-11 00:00 23 42 04.20 -03 12 49.0
 2023-Mar-12 00:00 23 42 12.56 -03 11 55.2
 2023-Mar-13 00:00 23 42 20.93 -03 11 01.4
 2023-Mar-14 00:00 23 42 29.30 -03 10 07.6
 2023-Mar-15 00:00 23 42 37.67 -03 09 13.8
 2023-Mar-16 00:00 23 42 46.05 -03 08 20.0
 2023-Mar-17 00:00 23 42 54.44 -03 07 26.2
 2023-Mar-18 00:00 23 43 02.82 -03 06 32.5
 2023-Mar-19 00:00 23 43 11.20 -03 05 38.9
 2023-Mar-20 00:00 23 43 19.57 -03 04 45.3
 2023-Mar-21 00:00 23 43 27.94 -03 03 51.8
 2023-Mar-22 00:00 23 43 36.30 -03 02 58.4
 2023-Mar-23 00:00 23 43 44.64 -03 02 05.0
 2023-Mar-24 00:00 23 43 52.98 -03 01 11.9
 2023-Mar-25 00:00 23 44 01.30 -03 00 18.8
 2023-Mar-26 00:00 23 44 09.60 -02 59 25.9
 2023-Mar-27 00:00 23 44 17.89 -02 58 33.2
 2023-Mar-28 00:00 23 44 26.15 -02 57 40.6
 2023-Mar-29 00:00 23 44 34.39 -02 56 48.2
 2023-Mar-30 00:00 23 44 42.61 -02 55 56.0
 2023-Mar-31 00:00 23 44 50.81 -02 55 04.0
 2023-Apr-01 00:00 23 44 58.97 -02 54 12.2
 2023-Apr-02 00:00 23 45 07.11 -02 53 20.7
 2023-Apr-03 00:00 23 45 15.21 -02 52 29.4
 2023-Apr-04 00:00 23 45 23.28 -02 51 38.3
 2023-Apr-05 00:00 23 45 31.32 -02 50 47.6
 2023-Apr-06 00:00 23 45 39.32 -02 49 57.0
 2023-Apr-07 00:00 23 45 47.29 -02 49 06.8
 2023-Apr-08 00:00 23 45 55.21 -02 48 16.8
 2023-Apr-09 00:00 23 46 03.10 -02 47 27.2
 2023-Apr-10 00:00 23 46 10.94 -02 46 37.9
 2023-Apr-11 00:00 23 46 18.73 -02 45 48.8
 2023-Apr-12 00:00 23 46 26.49 -02 45 00.2
 2023-Apr-13 00:00 23 46 34.19 -02 44 11.8
 2023-Apr-14 00:00 23 46 41.85 -02 43 23.8
 2023-Apr-15 00:00 23 46 49.45 -02 42 36.2
 2023-Apr-16 00:00 23 46 57.00 -02 41 49.0
 2023-Apr-17 00:00 23 47 04.50 -02 41 02.1
 2023-Apr-18 00:00 23 47 11.94 -02 40 15.6
 2023-Apr-19 00:00 23 47 19.33 -02 39 29.6
 2023-Apr-20 00:00 23 47 26.65 -02 38 43.9
 2023-Apr-21 00:00 23 47 33.91 -02 37 58.7
 2023-Apr-22 00:00 23 47 41.11 -02 37 14.0
 2023-Apr-23 00:00 23 47 48.25 -02 36 29.7
 2023-Apr-24 00:00 23 47 55.32 -02 35 45.9
 2023-Apr-25 00:00 23 48 02.32 -02 35 02.5
 2023-Apr-26 00:00 23 48 09.25 -02 34 19.6
 2023-Apr-27 00:00 23 48 16.11 -02 33 37.2
 2023-Apr-28 00:00 23 48 22.90 -02 32 55.3
 2023-Apr-29 00:00 23 48 29.61 -02 32 14.0
 2023-Apr-30 00:00 23 48 36.25 -02 31 33.1
 2023-May-01 00:00 23 48 42.81 -02 30 52.8
 2023-May-02 00:00 23 48 49.30 -02 30 13.0
 2023-May-03 00:00 23 48 55.71 -02 29 33.7
 2023-May-04 00:00 23 49 02.03 -02 28 55.0
 2023-May-05 00:00 23 49 08.28 -02 28 16.9
 2023-May-06 00:00 23 49 14.44 -02 27 39.3
 2023-May-07 00:00 23 49 20.52 -02 27 02.3
 2023-May-08 00:00 23 49 26.52 -02 26 25.9
 2023-May-09 00:00 23 49 32.43 -02 25 50.0
 2023-May-10 00:00 23 49 38.25 -02 25 14.8
 2023-May-11 00:00 23 49 43.98 -02 24 40.1
 2023-May-12 00:00 23 49 49.63 -02 24 06.1
 2023-May-13 00:00 23 49 55.18 -02 23 32.7
 2023-May-14 00:00 23 50 00.64 -02 22 59.9
 2023-May-15 00:00 23 50 06.00 -02 22 27.7
 2023-May-16 00:00 23 50 11.27 -02 21 56.2
 2023-May-17 00:00 23 50 16.45 -02 21 25.3
 2023-May-18 00:00 23 50 21.52 -02 20 55.1