*semi-major-axis 9.5826 float
*start-date 2018-08-01 string
 2018-Aug-01 00:00 18 14 18.22 -22 36 21.6
 2018-Aug-02 00:00 18 14 04.63 -22 36 34.1
 2018-Aug-03 00:00 18 13 51.34 -22 36 46.5
 2018-Aug-04 00:00 18 13 38.36 -22 36 58.8
 2018-Aug-05 00:00 18 13 25.69 -22 37 11.0
 2018-Aug-06 00:00 18 13 13.33 -22 37 23.0
 2018-Aug-07 00:00 18 13 01.30 -22 37 35.0
 2018-Aug-08 00:00 18 12 49.60 -22 37 46.8
 2018-Aug-09 00:00 18 12 38.24 -22 37 58.5
 2018-Aug-10 00:00 18 12 27.22 -22 38 10.1
 2018-Aug-11 00:00 18 12 16.54 -22 38 21.6
 2018-Aug-12 00:00 18 12 06.22 -22 38 33.0
 2018-Aug-13 00:00 18 11 56.26 -22 38 44.2
 2018-Aug-14 00:00 18 11 46.67 -22 38 55.4
 2018-Aug-15 00:00 18 11 37.44 -22 39 06.5
 2018-Aug-16 00:00 18 11 28.59 -22 39 17.4
 2018-Aug-17 00:00 18 11 20.11 -22 39 28.3
 2018-Aug-18 00:00 18 11 12.02 -22 39 39.0
 2018-Aug-19 00:00 18 11 04.31 -22 39 49.7
 2018-Aug-20 00:00 18 10 56.99 -22 40 00.3
 2018-Aug-21 00:00 18 10 50.05 -22 40 10.7
 2018-Aug-22 00:00 18 10 43.51 -22 40 21.1
 2018-Aug-23 00:00 18 10 37.37 -22 40 31.4
 2018-Aug-24 00:00 18 10 31.63 -22 40 41.6
 2018-Aug-25 00:00 18 10 26.28 -22 40 51.7
 2018-Aug-26 00:00 18 10 21.34 -22 41 01.7
 2018-Aug-27 00:00 18 10 16.80 -22 41 11.6
 2018-Aug-28 00:00 18 10 12.67 -22 41 21.4
 2018-Aug-29 00:00 18 10 08.94 -22 41 31.1
 2018-Aug-30 00:00 18 10 05.63 -22 41 40.6
 2018-Aug-31 00:00 18 10 02.73 -22 41 50.1
 2018-Sep-01 00:00 18 10 00.24 -22 41 59.5
 2018-Sep-02 00:00 18 09 58.17 -22 42 08.8
 2018-Sep-03 00:00 18 09 56.52 -22 42 18.0
 2018-Sep-04 00:00 18 09 55.29 -22 42 27.1
 2018-Sep-05 00:00 18 09 54.48 -22 42 36.1
 2018-Sep-06 00:00 18 09 54.10 -22 42 45.0
 2018-Sep-07 00:00 18 09 54.13 -22 42 53.7
 2018-Sep-08 00:00 18 09 54.60 -22 43 02.4
 2018-Sep-09 00:00 18 09 55.49 -22 43 11.0
 2018-Sep-10 00:00 18 09 56.80 -22 43 19.5
 2018-Sep-11 00:00 18 09 58.54 -22 43 27.8
 2018-Sep-12 00:00 18 10 00.71 -22 43 36.1
 2018-Sep-13 00:00 18 10 03.31 -22 43 44.2
 2018-Sep-14 00:00 18 10 06.34 -22 43 52.2
 2018-Sep-15 00:00 18 10 09.78 -22 44 00.1
 2018-Sep-16 00:00 18 10 13.66 -22 44 07.9
 2018-Sep-17 00:00 18 10 17.96 -22 44 15.5
 2018-Sep-18 00:00 18 10 22.68 -22 44 23.0
 2018-Sep-19 00:00 18 10 27.82 -22 44 30.4
 2018-Sep-20 00:00 18 10 33.39 -22 44 37.6
 2018-Sep-21 00:00 18 10 39.37 -22 44 44.7
 2018-Sep-22 00:00 18 10 45.77 -22 44 51.7
 2018-Sep-23 00:00 18 10 52.58 -22 44 58.5
 2018-Sep-24 00:00 18 10 59.81 -22 45 05.1
 2018-Sep-25 00:00 18 11 07.45 -22 45 11.7
 2018-Sep-26 00:00 18 11 15.50 -22 45 18.0
 2018-Sep-27 00:00 18 11 23.95 -22 45 24.2
 2018-Sep-28 00:00 18 11 32.82 -22 45 30.2
 2018-Sep-29 00:00 18 11 42.09 -22 45 36.0
 2018-Sep-30 00:00 18 11 51.76 -22 45 41.6
 2018-Oct-01 00:00 18 12 01.83 -22 45 47.1
 2018-Oct-02 00:00 18 12 12.30 -22 45 52.3
 2018-Oct-03 00:00 18 12 23.17 -22 45 57.4
 2018-Oct-04 00:00 18 12 34.44 -22 46 02.2
 2018-Oct-05 00:00 18 12 46.10 -22 46 06.9
 2018-Oct-06 00:00 18 12 58.15 -22 46 11.3
 2018-Oct-07 00:00 18 13 10.60 -22 46 15.6
 2018-Oct-08 00:00 18 13 23.43 -22 46 19.6
 2018-Oct-09 00:00 18 13 36.65 -22 46 23.4
 2018-Oct-10 00:00 18 13 50.25 -22 46 26.9
 2018-Oct-11 00:00 18 14 04.23 -22 46 30.2
 2018-Oct-12 00:00 18 14 18.59 -22 46 33.3
 2018-Oct-13 00:00 18 14 33.31 -22 46 36.2
 2018-Oct-14 00:00 18 14 48.41 -22 46 38.7
 2018-Oct-15 00:00 18 15 03.86 -22 46 41.0
 2018-Oct-16 00:00 18 15 19.68 -22 46 43.1
 2018-Oct-17 00:00 18 15 35.86 -22 46 44.8
 2018-Oct-18 00:00 18 15 52.39 -22 46 46.3
 2018-Oct-19 00:00 18 16 09.26 -22 46 47.5
 2018-Oct-20 00:00 18 16 26.49 -22 46 48.4
 2018-Oct-21 00:00 18 16 44.06 -22 46 49.0
 2018-Oct-22 00:00 18 17 01.96 -22 46 49.3
 2018-Oct-23 00:00 18 17 20.20 -22 46 49.3
 2018-Oct-24 00:00 18 17 38.77 -22 46 48.9
 2018-Oct-25 00:00 18 17 57.66 -22 46 48.3
 2018-Oct-26 00:00 18 18 16.88 -22 46 47.3
 2018-Oct-27 00:00 18 18 36.42 -22 46 46.0
 2018-Oct-28 00:00 18 18 56.27 -22 46 44.3
 2018-Oct-29 00:00 18 19 16.43 -22 46 42.3
 2018-Oct-30 00:00 18 19 36.90 -22 46 39.9
 2018-Oct-31 00:00 18 19 57.68 -22 46 37.2
 2018-Nov-01 00:00 18 20 18.76 -22 46 34.1
 2018-Nov-02 00:00 18 20 40.13 -22 46 30.6
 2018-Nov-03 00:00 18 21 01.80 -22 46 26.7
 2018-Nov-04 00:00 18 21 23.76 -22 46 22.5
 2018-Nov-05 00:00 18 21 46.01 -22 46 17.9
 2018-Nov-06 00:00 18 22 08.54 -22 46 12.8
 2018-Nov-07 00:00 18 22 31.35 -22 46 07.4
 2018-Nov-08 00:00 18 22 54.43 -22 46 01.6
 2018-Nov-09 00:00 18 23 17.77 -22 45 55.4
 2018-Nov-10 00:00 18 23 41.38 -22 45 48.8
 2018-Nov-11 00:00 18 24 05.25 -22 45 41.7
 2018-Nov-12 00:00 18 24 29.37 -22 45 34.3
 2018-Nov-13 00:00 18 24 53.74 -22 45 26.4
 2018-Nov-14 00:00 18 25 18.35 -22 45 18.0
 2018-Nov-15 00:00 18 25 43.20 -22 45 09.3
 2018-Nov-16 00:00 18 26 08.29 -22 45 00.1
 2018-Nov-17 00:00 18 26 33.60 -22 44 50.4
 2018-Nov-18 00:00 18 26 59.13 -22 44 40.3
 2018-Nov-19 00:00 18 27 24.88 -22 44 29.7
 2018-Nov-20 00:00 18 27 50.85 -22 44 18.7
 2018-Nov-21 00:00 18 28 17.02 -22 44 07.2
 2018-Nov-22 00:00 18 28 43.40 -22 43 55.2
 2018-Nov-23 00:00 18 29 09.99 -22 43 42.8
 2018-Nov-24 00:00 18 29 36.76 -22 43 29.9
 2018-Nov-25 00:00 18 30 03.73 -22 43 16.6
 2018-Nov-26 00:00 18 30 30.88 -22 43 02.7
 2018-Nov-27 00:00 18 30 58.22 -22 42 48.4
 2018-Nov-28 00:00 18 31 25.74 -22 42 33.6
 2018-Nov-29 00:00 18 31 53.43 -22 42 18.3
 2018-Nov-30 00:00 18 32 21.28 -22 42 02.6
 2018-Dec-01 00:00 18 32 49.31 -22 41 46.3
 2018-Dec-02 00:00 18 33 17.49 -22 41 29.6
 2018-Dec-03 00:00 18 33 45.83 -22 41 12.4
 2018-Dec-04 00:00 18 34 14.32 -22 40 54.7
 2018-Dec-05 00:00 18 34 42.95 -22 40 36.5
 2018-Dec-06 00:00 18 35 11.72 -22 40 17.8
 2018-Dec-07 00:00 18 35 40.63 -22 39 58.6
 2018-Dec-08 00:00 18 36 09.67 -22 39 38.9
 2018-Dec-09 00:00 18 36 38.84 -22 39 18.8
 2018-Dec-10 00:00 18 37 08.12 -22 38 58.1
 2018-Dec-11 00:00 18 37 37.51 -22 38 37.0
 2018-Dec-12 00:00 18 38 07.02 -22 38 15.3
 2018-Dec-13 00:00 18 38 36.62 -22 37 53.2
 2018-Dec-14 00:00 18 39 06.32 -22 37 30.6
 2018-Dec-15 00:00 18 39 36.12 -22 37 07.5
 2018-Dec-16 00:00 18 40 06.00 -22 36 44.0
 2018-Dec-17 00:00 18 40 35.96 -22 36 19.9
 2018-Dec-18 00:00 18 41 05.99 -22 35 55.4
 2018-Dec-19 00:00 18 41 36.10 -22 35 30.4
 2018-Dec-20 00:00 18 42 06.28 -22 35 04.9
 2018-Dec-21 00:00 18 42 36.51 -22 34 38.9
 2018-Dec-22 00:00 18 43 06.80 -22 34 12.5
 2018-Dec-23 00:00 18 43 37.15 -22 33 45.6
 2018-Dec-24 00:00 18 44 07.54 -22 33 18.2
 2018-Dec-25 00:00 18 44 37.98 -22 32 50.4
 2018-Dec-26 00:00 18 45 08.45 -22 32 22.1
 2018-Dec-27 00:00 18 45 38.96 -22 31 53.4
 2018-Dec-28 00:00 18 46 09.50 -22 31 24.2
 2018-Dec-29 00:00 18 46 40.07 -22 30 54.6
 2018-Dec-30 00:00 18 47 10.65 -22 30 24.6
 2018-Dec-31 00:00 18 47 41.25 -22 29 54.1
 2019-Jan-01 00:00 18 48 11.86 -22 29 23.3
 2019-Jan-02 00:00 18 48 42.47 -22 28 52.0
 2019-Jan-03 00:00 18 49 13.08 -22 28 20.2
 2019-Jan-04 00:00 18 49 43.68 -22 27 48.1
 2019-Jan-05 00:00 18 50 14.27 -22 27 15.6
 2019-Jan-06 00:00 18 50 44.85 -22 26 42.7
 2019-Jan-07 00:00 18 51 15.40 -22 26 09.4
 2019-Jan-08 00:00 18 51 45.92 -22 25 35.7
 2019-Jan-09 00:00 18 52 16.41 -22 25 01.7
 2019-Jan-10 00:00 18 52 46.86 -22 24 27.3
 2019-Jan-11 00:00 18 53 17.27 -22 23 52.6
 2019-Jan-12 00:00 18 53 47.63 -22 23 17.5
 2019-Jan-13 00:00 18 54 17.93 -22 22 42.1
 2019-Jan-14 00:00 18 54 48.17 -22 22 06.3
 2019-Jan-15 00:00 18 55 18.35 -22 21 30.3
 2019-Jan-16 00:00 18 55 48.45 -22 20 53.9
 2019-Jan-17 00:00 18 56 18.48 -22 20 17.2
 2019-Jan-18 00:00 18 56 48.44 -22 19 40.3
 2019-Jan-19 00:00 18 57 18.30 -22 19 03.0
 2019-Jan-20 00:00 18 57 48.08 -22 18 25.5
 2019-Jan-21 00:00 18 58 17.77 -22 17 47.7
 2019-Jan-22 00:00 18 58 47.35 -22 17 09.7
 2019-Jan-23 00:00 18 59 16.84 -22 16 31.5
 2019-Jan-24 00:00 18 59 46.22 -22 15 53.0
 2019-Jan-25 00:00 19 00 15.49 -22 15 14.3
 2019-Jan-26 00:00 19 00 44.65 -22 14 35.4
 2019-Jan-27 00:00 19 01 13.68 -22 13 56.3
 2019-Jan-28 00:00 19 01 42.59 -22 13 17.0
 2019-Jan-29 00:00 19 02 11.38 -22 12 37.6
 2019-Jan-30 00:00 19 02 40.02 -22 11 58.0
 2019-Jan-31 00:00 19 03 08.53 -22 11 18.3
 2019-Feb-01 00:00 19 03 36.89 -22 10 38.4
 2019-Feb-02 00:00 19 04 05.09 -22 09 58.4
 2019-Feb-03 00:00 19 04 33.15 -22 09 18.4
 2019-Feb-04 00:00 19 05 01.04 -22 08 38.2
 2019-Feb-05 00:00 19 05 28.76 -22 07 57.9
 2019-Feb-06 00:00 19 05 56.31 -22 07 17.6
 2019-Feb-07 00:00 19 06 23.69 -22 06 37.2
 2019-Feb-08 00:00 19 06 50.88 -22 05 56.8
 2019-Feb-09 00:00 19 07 17.89 -22 05 16.4
 2019-Feb-10 00:00 19 07 44.71 -22 04 36.0
 2019-Feb-11 00:00 19 08 11.33 -22 03 55.5
 2019-Feb-12 00:00 19 08 37.75 -22 03 15.1
 2019-Feb-13 00:00 19 09 03.96 -22 02 34.7
 2019-Feb-14 00:00 19 09 29.97 -22 01 54.4
 2019-Feb-15 00:00 19 09 55.76 -22 01 14.1
 2019-Feb-16 00:00 19 10 21.34 -22 00 34.0
 2019-Feb-17 00:00 19 10 46.69 -21 59 53.9
 2019-Feb-18 00:00 19 11 11.82 -21 59 13.9
 2019-Feb-19 00:00 19 11 36.71 -21 58 34.0
 2019-Feb-20 00:00 19 12 01.37 -21 57 54.3
 2019-Feb-21 00:00 19 12 25.80 -21 57 14.7
 2019-Feb-22 00:00 19 12 49.98 -21 56 35.3
 2019-Feb-23 00:00 19 13 13.92 -21 55 56.0
 2019-Feb-24 00:00 19 13 37.61 -21 55 17.0
 2019-Feb-25 00:00 19 14 01.04 -21 54 38.1
 2019-Feb-26 00:00 19 14 24.22 -21 53 59.5
 2019-Feb-27 00:00 19 14 47.13 -21 53 21.2
 2019-Feb-28 00:00 19 15 09.77 -21 52 43.1
 2019-Mar-01 00:00 19 15 32.14 -21 52 05.2
 2019-Mar-02 00:00 19 15 54.24 -21 51 27.7
 2019-Mar-03 00:00 19 16 16.05 -21 50 50.5
 2019-Mar-04 00:00 19 16 37.57 -21 50 13.5
 2019-Mar-05 00:00 19 16 58.81 -21 49 37.0
 2019-Mar-06 00:00 19 17 19.75 -21 49 00.7
 2019-Mar-07 00:00 19 17 40.38 -21 48 24.9
 2019-Mar-08 00:00 19 18 00.72 -21 47 49.4
 2019-Mar-09 00:00 19 18 20.74 -21 47 14.3
 2019-Mar-10 00:00 19 18 40.46 -21 46 39.6
 2019-Mar-11 00:00 19 18 59.85 -21 46 05.4
 2019-Mar-12 00:00 19 19 18.93 -21 45 31.6
 2019-Mar-13 00:00 19 19 37.69 -21 44 58.2
 2019-Mar-14 00:00 19 19 56.12 -21 44 25.4
 2019-Mar-15 00:00 19 20 14.22 -21 43 53.0
 2019-Mar-16 00:00 19 20 31.99 -21 43 21.1
 2019-Mar-17 00:00 19 20 49.42 -21 42 49.7
 2019-Mar-18 00:00 19 21 06.52 -21 42 18.9
 2019-Mar-19 00:00 19 21 23.27 -21 41 48.6
 2019-Mar-20 00:00 19 21 39.68 -21 41 18.8
 2019-Mar-21 00:00 19 21 55.74 -21 40 49.7
 2019-Mar-22 00:00 19 22 11.45 -21 40 21.1
 2019-Mar-23 00:00 19 22 26.81 -21 39 53.1
 2019-Mar-24 00:00 19 22 41.81 -21 39 25.7
 2019-Mar-25 00:00 19 22 56.45 -21 38 59.0
 2019-Mar-26 00:00 19 23 10.73 -21 38 32.8
 2019-Mar-27 00:00 19 23 24.64 -21 38 07.4
 2019-Mar-28 00:00 19 23 38.18 -21 37 42.5
 2019-Mar-29 00:00 19 23 51.35 -21 37 18.4
 2019-Mar-30 00:00 19 24 04.14 -21 36 55.0
 2019-Mar-31 00:00 19 24 16.56 -21 36 32.2
 2019-Apr-01 00:00 19 24 28.59 -21 36 10.2
 2019-Apr-02 00:00 19 24 40.24 -21 35 48.8
 2019-Apr-03 00:00 19 24 51.50 -21 35 28.3
 2019-Apr-04 00:00 19 25 02.36 -21 35 08.4
 2019-Apr-05 00:00 19 25 12.84 -21 34 49.4
 2019-Apr-06 00:00 19 25 22.92 -21 34 31.0
 2019-Apr-07 00:00 19 25 32.60 -21 34 13.5
 2019-Apr-08 00:00 19 25 41.88 -21 33 56.8
 2019-Apr-09 00:00 19 25 50.76 -21 33 40.8
 2019-Apr-10 00:00 19 25 59.23 -21 33 25.7
 2019-Apr-11 00:00 19 26 07.30 -21 33 11.3
 2019-Apr-12 00:00 19 26 14.96 -21 32 57.8
 2019-Apr-13 00:00 19 26 22.22 -21 32 45.1
 2019-Apr-14 00:00 19 26 29.07 -21 32 33.2
 2019-Apr-15 00:00 19 26 35.51 -21 32 22.2
 2019-Apr-16 00:00 19 26 41.54 -21 32 12.0
 2019-Apr-17 00:00 19 26 47.17 -21 32 02.6
 2019-Apr-18 00:00 19 26 52.38 -21 31 54.2
 2019-Apr-19 00:00 19 26 57.18 -21 31 46.5
 2019-Apr-20 00:00 19 27 01.57 -21 31 39.8
 2019-Apr-21 00:00 19 27 05.55 -21 31 33.9
 2019-Apr-22 00:00 19 27 09.11 -21 31 28.9
 2019-Apr-23 00:00 19 27 12.25 -21 31 24.8
 2019-Apr-24 00:00 19 27 14.98 -21 31 21.6
 2019-Apr-25 00:00 19 27 17.30 -21 31 19.2
 2019-Apr-26 00:00 19 27 19.19 -21 31 17.7
 2019-Apr-27 00:00 19 27 20.67 -21 31 17.2
 2019-Apr-28 00:00 19 27 21.73 -21 31 17.5
 2019-Apr-29 00:00 19 27 22.37 -21 31 18.6
 2019-Apr-30 00:00 19 27 22.60 -21 31 20.7
 2019-May-01 00:00 19 27 22.40 -21 31 23.7
 2019-May-02 00:00 19 27 21.79 -21 31 27.6
 2019-May-03 00:00 19 27 20.77 -21 31 32.3
 2019-May-04 00:00 19 27 19.33 -21 31 38.0
 2019-May-05 00:00 19 27 17.47 -21 31 44.5
 2019-May-06 00:00 19 27 15.20 -21 31 52.0
 2019-May-07 00:00 19 27 12.51 -21 32 00.3
 2019-May-08 00:00 19 27 09.42 -21 32 09.5
 2019-May-09 00:00 19 27 05.92 -21 32 19.5
 2019-May-10 00:00 19 27 02.01 -21 32 30.5
 2019-May-11 00:00 19 26 57.69 -21 32 42.3
 2019-May-12 00:00 19 26 52.98 -21 32 54.9
 2019-May-13 00:00 19 26 47.87 -21 33 08.4
 2019-May-14 00:00 19 26 42.37 -21 33 22.7
 2019-May-15 00:00 19 26 36.47 -21 33 37.9
 2019-May-16 00:00 19 26 30.19 -21 33 53.8
 2019-May-17 00:00 19 26 23.52 -21 34 10.6
 2019-May-18 00:00 19 26 16.47 -21 34 28.2
 2019-May-19 00:00 19 26 09.05 -21 34 46.6
 2019-May-20 00:00 19 26 01.24 -21 35 05.8
 2019-May-21 00:00 19 25 53.07 -21 35 25.8
 2019-May-22 00:00 19 25 44.52 -21 35 46.6
 2019-May-23 00:00 19 25 35.61 -21 36 08.1
 2019-May-24 00:00 19 25 26.33 -21 36 30.3
 2019-May-25 00:00 19 25 16.69 -21 36 53.3
 2019-May-26 00:00 19 25 06.70 -21 37 17.0
 2019-May-27 00:00 19 24 56.36 -21 37 41.4
 2019-May-28 00:00 19 24 45.67 -21 38 06.5
 2019-May-29 00:00 19 24 34.64 -21 38 32.3
 2019-May-30 00:00 19 24 23.27 -21 38 58.7
 2019-May-31 00:00 19 24 11.57 -21 39 25.8
 2019-Jun-01 00:00 19 23 59.55 -21 39 53.6
 2019-Jun-02 00:00 19 23 47.20 -21 40 21.9
 2019-Jun-03 00:00 19 23 34.54 -21 40 50.9
 2019-Jun-04 00:00 19 23 21.57 -21 41 20.5
 2019-Jun-05 00:00 19 23 08.30 -21 41 50.6
 2019-Jun-06 00:00 19 22 54.74 -21 42 21.3
 2019-Jun-07 00:00 19 22 40.88 -21 42 52.6
 2019-Jun-08 00:00 19 22 26.75 -21 43 24.3
 2019-Jun-09 00:00 19 22 12.34 -21 43 56.6
 2019-Jun-10 00:00 19 21 57.67 -21 44 29.3
 2019-Jun-11 00:00 19 21 42.73 -21 45 02.5
 2019-Jun-12 00:00 19 21 27.55 -21 45 36.2
 2019-Jun-13 00:00 19 21 12.12 -21 46 10.3
 2019-Jun-14 00:00 19 20 56.45 -21 46 44.8
 2019-Jun-15 00:00 19 20 40.56 -21 47 19.7
 2019-Jun-16 00:00 19 20 24.44 -21 47 54.9
 2019-Jun-17 00:00 19 20 08.11 -21 48 30.5
 2019-Jun-18 00:00 19 19 51.58 -21 49 06.5
 2019-Jun-19 00:00 19 19 34.84 -21 49 42.7
 2019-Jun-20 00:00 19 19 17.92 -21 50 19.3
 2019-Jun-21 00:00 19 19 00.81 -21 50 56.1
 2019-Jun-22 00:00 19 18 43.52 -21 51 33.2
 2019-Jun-23 00:00 19 18 26.07 -21 52 10.5
 2019-Jun-24 00:00 19 18 08.45 -21 52 48.1
 2019-Jun-25 00:00 19 17 50.69 -21 53 25.8
 2019-Jun-26 00:00 19 17 32.78 -21 54 03.8
 2019-Jun-27 00:00 19 17 14.74 -21 54 41.9
 2019-Jun-28 00:00 19 16 56.57 -21 55 20.1
 2019-Jun-29 00:00 19 16 38.29 -21 55 58.4
 2019-Jun-30 00:00 19 16 19.90 -21 56 36.9
 2019-Jul-01 00:00 19 16 01.41 -21 57 15.4
 2019-Jul-02 00:00 19 15 42.84 -21 57 54.0
 2019-Jul-03 00:00 19 15 24.19 -21 58 32.6
 2019-Jul-04 00:00 19 15 05.48 -21 59 11.2
 2019-Jul-05 00:00 19 14 46.70 -21 59 49.9
 2019-Jul-06 00:00 19 14 27.89 -22 00 28.5
 2019-Jul-07 00:00 19 14 09.03 -22 01 07.1
 2019-Jul-08 00:00 19 13 50.15 -22 01 45.7
 2019-Jul-09 00:00 19 13 31.25 -22 02 24.2
 2019-Jul-10 00:00 19 13 12.35 -22 03 02.6
 2019-Jul-11 00:00 19 12 53.45 -22 03 40.9
 2019-Jul-12 00:00 19 12 34.56 -22 04 19.1
 2019-Jul-13 00:00 19 12 15.69 -22 04 57.1
 2019-Jul-14 00:00 19 11 56.85 -22 05 35.0
 2019-Jul-15 00:00 19 11 38.06 -22 06 12.7
 2019-Jul-16 00:00 19 11 19.31 -22 06 50.2
 2019-Jul-17 00:00 19 11 00.61 -22 07 27.5
 2019-Jul-18 00:00 19 10 41.99 -22 08 04.6
 2019-Jul-19 00:00 19 10 23.44 -22 08 41.4
 2019-Jul-20 00:00 19 10 04.98 -22 09 18.0
 2019-Jul-21 00:00 19 09 46.61 -22 09 54.3
 2019-Jul-22 00:00 19 09 28.34 -22 10 30.4
 2019-Jul-23 00:00 19 09 10.19 -22 11 06.2
 2019-Jul-24 00:00 19 08 52.16 -22 11 41.7
 2019-Jul-25 00:00 19 08 34.25 -22 12 16.8
 2019-Jul-26 00:00 19 08 16.49 -22 12 51.7
 2019-Jul-27 00:00 19 07 58.87 -22 13 26.2
 2019-Jul-28 00:00 19 07 41.41 -22 14 00.3
 2019-Jul-29 00:00 19 07 24.11 -22 14 34.1
 2019-Jul-30 00:00 19 07 06.99 -22 15 07.5
 2019-Jul-31 00:00 19 06 50.06 -22 15 40.5
 2019-Aug-01 00:00 19 06 33.32 -22 16 13.1
 2019-Aug-02 00:00 19 06 16.78 -22 16 45.3
 2019-Aug-03 00:00 19 06 00.46 -22 17 17.0
 2019-Aug-04 00:00 19 05 44.35 -22 17 48.3
 2019-Aug-05 00:00 19 05 28.48 -22 18 19.2
 2019-Aug-06 00:00 19 05 12.84 -22 18 49.7
 2019-Aug-07 00:00 19 04 57.45 -22 19 19.7
 2019-Aug-08 00:00 19 04 42.32 -22 19 49.2
 2019-Aug-09 00:00 19 04 27.44 -22 20 18.3
 2019-Aug-10 00:00 19 04 12.83 -22 20 46.9
 2019-Aug-11 00:00 19 03 58.49 -22 21 15.0
 2019-Aug-12 00:00 19 03 44.43 -22 21 42.6
 2019-Aug-13 00:00 19 03 30.66 -22 22 09.7
 2019-Aug-14 00:00 19 03 17.18 -22 22 36.3
 2019-Aug-15 00:00 19 03 03.99 -22 23 02.4
 2019-Aug-16 00:00 19 02 51.11 -22 23 28.0
 2019-Aug-17 00:00 19 02 38.54 -22 23 53.0
 2019-Aug-18 00:00 19 02 26.29 -22 24 17.5
 2019-Aug-19 00:00 19 02 14.36 -22 24 41.5
 2019-Aug-20 00:00 19 02 02.76 -22 25 04.9
 2019-Aug-21 00:00 19 01 51.49 -22 25 27.8
 2019-Aug-22 00:00 19 01 40.56 -22 25 50.2
 2019-Aug-23 00:00 19 01 29.97 -22 26 12.0
 2019-Aug-24 00:00 19 01 19.74 -22 26 33.2
 2019-Aug-25 00:00 19 01 09.85 -22 26 53.9
 2019-Aug-26 00:00 19 01 00.33 -22 27 14.0
 2019-Aug-27 00:00 19 00 51.17 -22 27 33.6
 2019-Aug-28 00:00 19 00 42.38 -22 27 52.6
 2019-Aug-29 00:00 19 00 33.97 -22 28 11.0
 2019-Aug-30 00:00 19 00 25.93 -22 28 28.9
 2019-Aug-31 00:00 19 00 18.28 -22 28 46.2
 2019-Sep-01 00:00 19 00 11.02 -22 29 02.8
 2019-Sep-02 00:00 19 00 04.14 -22 29 18.9
 2019-Sep-03 00:00 18 59 57.67 -22 29 34.4
 2019-Sep-04 00:00 18 59 51.59 -22 29 49.4
 2019-Sep-05 00:00 18 59 45.92 -22 30 03.7
 2019-Sep-06 00:00 18 59 40.65 -22 30 17.4
 2019-Sep-07 00:00 18 59 35.78 -22 30 30.6
 2019-Sep-08 00:00 18 59 31.32 -22 30 43.2
 2019-Sep-09 00:00 18 59 27.28 -22 30 55.1
 2019-Sep-10 00:00 18 59 23.64 -22 31 06.5
 2019-Sep-11 00:00 18 59 20.42 -22 31 17.3
 2019-Sep-12 00:00 18 59 17.61 -22 31 27.4
 2019-Sep-13 00:00 18 59 15.21 -22 31 37.0
 2019-Sep-14 00:00 18 59 13.23 -22 31 46.0
 2019-Sep-15 00:00 18 59 11.67 -22 31 54.3
 2019-Sep-16 00:00 18 59 10.53 -22 32 02.0
 2019-Sep-17 00:00 18 59 09.81 -22 32 09.2
 2019-Sep-18 00:00 18 59 09.50 -22 32 15.7
 2019-Sep-19 00:00 18 59 09.63 -22 32 21.6
 2019-Sep-20 00:00 18 59 10.17 -22 32 26.9
 2019-Sep-21 00:00 18 59 11.14 -22 32 31.6
 2019-Sep-22 00:00 18 59 12.53 -22 32 35.6
 2019-Sep-23 00:00 18 59 14.34 -22 32 39.1
 2019-Sep-24 00:00 18 59 16.59 -22 32 41.9
 2019-Sep-25 00:00 18 59 19.25 -22 32 44.1
 2019-Sep-26 00:00 18 59 22.35 -22 32 45.7
 2019-Sep-27 00:00 18 59 25.87 -22 32 46.7
 2019-Sep-28 00:00 18 59 29.81 -22 32 47.1
 2019-Sep-29 00:00 18 59 34.19 -22 32 46.8
 2019-Sep-30 00:00 18 59 38.98 -22 32 45.9
 2019-Oct-01 00:00 18 59 44.21 -22 32 44.3
 2019-Oct-02 00:00 18 59 49.85 -22 32 42.2
 2019-Oct-03 00:00 18 59 55.92 -22 32 39.4
 2019-Oct-04 00:00 19 00 02.40 -22 32 35.9
 2019-Oct-05 00:00 19 00 09.31 -22 32 31.9
 2019-Oct-06 00:00 19 00 16.63 -22 32 27.2
 2019-Oct-07 00:00 19 00 24.37 -22 32 21.8
 2019-Oct-08 00:00 19 00 32.51 -22 32 15.8
 2019-Oct-09 00:00 19 00 41.07 -22 32 09.2
 2019-Oct-10 00:00 19 00 50.04 -22 32 01.9
 2019-Oct-11 00:00 19 00 59.41 -22 31 54.0
 2019-Oct-12 00:00 19 01 09.18 -22 31 45.5
 2019-Oct-13 00:00 19 01 19.35 -22 31 36.3
 2019-Oct-14 00:00 19 01 29.92 -22 31 26.5
 2019-Oct-15 00:00 19 01 40.89 -22 31 16.0
 2019-Oct-16 00:00 19 01 52.25 -22 31 04.8
 2019-Oct-17 00:00 19 02 03.99 -22 30 53.0
 2019-Oct-18 00:00 19 02 16.13 -22 30 40.6
 2019-Oct-19 00:00 19 02 28.65 -22 30 27.5
 2019-Oct-20 00:00 19 02 41.56 -22 30 13.7
 2019-Oct-21 00:00 19 02 54.84 -22 29 59.3
 2019-Oct-22 00:00 19 03 08.51 -22 29 44.2
 2019-Oct-23 00:00 19 03 22.55 -22 29 28.5
 2019-Oct-24 00:00 19 03 36.96 -22 29 12.1
 2019-Oct-25 00:00 19 03 51.75 -22 28 55.0
 2019-Oct-26 00:00 19 04 06.91 -22 28 37.2
 2019-Oct-27 00:00 19 04 22.42 -22 28 18.8
 2019-Oct-28 00:00 19 04 38.31 -22 27 59.8
 2019-Oct-29 00:00 19 04 54.54 -22 27 40.0
 2019-Oct-30 00:00 19 05 11.14 -22 27 19.6
 2019-Oct-31 00:00 19 05 28.08 -22 26 58.5
 2019-Nov-01 00:00 19 05 45.36 -22 26 36.7
 2019-Nov-02 00:00 19 06 02.99 -22 26 14.3
 2019-Nov-03 00:00 19 06 20.95 -22 25 51.2
 2019-Nov-04 00:00 19 06 39.25 -22 25 27.4
 2019-Nov-05 00:00 19 06 57.87 -22 25 02.9
 2019-Nov-06 00:00 19 07 16.82 -22 24 37.7
 2019-Nov-07 00:00 19 07 36.09 -22 24 11.9
 2019-Nov-08 00:00 19 07 55.68 -22 23 45.3
 2019-Nov-09 00:00 19 08 15.57 -22 23 18.1
 2019-Nov-10 00:00 19 08 35.78 -22 22 50.2
 2019-Nov-11 00:00 19 08 56.28 -22 22 21.7
 2019-Nov-12 00:00 19 09 17.09 -22 21 52.4
 2019-Nov-13 00:00 19 09 38.19 -22 21 22.5
 2019-Nov-14 00:00 19 09 59.58 -22 20 51.9
 2019-Nov-15 00:00 19 10 21.25 -22 20 20.6
 2019-Nov-16 00:00 19 10 43.21 -22 19 48.6
 2019-Nov-17 00:00 19 11 05.44 -22 19 16.0
 2019-Nov-18 00:00 19 11 27.95 -22 18 42.7
 2019-Nov-19 00:00 19 11 50.73 -22 18 08.6
 2019-Nov-20 00:00 19 12 13.78 -22 17 33.9
 2019-Nov-21 00:00 19 12 37.09 -22 16 58.6
 2019-Nov-22 00:00 19 13 00.65 -22 16 22.5
 2019-Nov-23 00:00 19 13 24.47 -22 15 45.8
 2019-Nov-24 00:00 19 13 48.55 -22 15 08.3
 2019-Nov-25 00:00 19 14 12.86 -22 14 30.2
 2019-Nov-26 00:00 19 14 37.42 -22 13 51.5
 2019-Nov-27 00:00 19 15 02.21 -22 13 12.0
 2019-Nov-28 00:00 19 15 27.23 -22 12 31.9
 2019-Nov-29 00:00 19 15 52.48 -22 11 51.1
 2019-Nov-30 00:00 19 16 17.95 -22 11 09.7
 2019-Dec-01 00:00 19 16 43.63 -22 10 27.6
 2019-Dec-02 00:00 19 17 09.51 -22 09 44.8
 2019-Dec-03 00:00 19 17 35.60 -22 09 01.4
 2019-Dec-04 00:00 19 18 01.89 -22 08 17.3
 2019-Dec-05 00:00 19 18 28.38 -22 07 32.6
 2019-Dec-06 00:00 19 18 55.05 -22 06 47.2
 2019-Dec-07 00:00 19 19 21.90 -22 06 01.2
 2019-Dec-08 00:00 19 19 48.93 -22 05 14.5
 2019-Dec-09 00:00 19 20 16.14 -22 04 27.2
 2019-Dec-10 00:00 19 20 43.51 -22 03 39.2
 2019-Dec-11 00:00 19 21 11.05 -22 02 50.7
 2019-Dec-12 00:00 19 21 38.75 -22 02 01.5
 2019-Dec-13 00:00 19 22 06.60 -22 01 11.7
 2019-Dec-14 00:00 19 22 34.60 -22 00 21.3
 2019-Dec-15 00:00 19 23 02.75 -21 59 30.2
 2019-Dec-16 00:00 19 23 31.04 -21 58 38.6
 2019-Dec-17 00:00 19 23 59.46 -21 57 46.4
 2019-Dec-18 00:00 19 24 28.02 -21 56 53.5
 2019-Dec-19 00:00 19 24 56.71 -21 56 00.1
 2019-Dec-20 00:00 19 25 25.51 -21 55 06.1
 2019-Dec-21 00:00 19 25 54.44 -21 54 11.6
 2019-Dec-22 00:00 19 26 23.47 -21 53 16.4
 2019-Dec-23 00:00 19 26 52.62 -21 52 20.7
 2019-Dec-24 00:00 19 27 21.87 -21 51 24.4
 2019-Dec-25 00:00 19 27 51.21 -21 50 27.6
 2019-Dec-26 00:00 19 28 20.65 -21 49 30.3
 2019-Dec-27 00:00 19 28 50.18 -21 48 32.4
 2019-Dec-28 00:00 19 29 19.79 -21 47 34.0
 2019-Dec-29 00:00 19 29 49.47 -21 46 35.1
 2019-Dec-30 00:00 19 30 19.22 -21 45 35.6
 2019-Dec-31 00:00 19 30 49.04 -21 44 35.7
 2020-Jan-01 00:00 19 31 18.91 -21 43 35.3
 2020-Jan-02 00:00 19 31 48.84 -21 42 34.4
 2020-Jan-03 00:00 19 32 18.82 -21 41 33.1
 2020-Jan-04 00:00 19 32 48.84 -21 40 31.2
 2020-Jan-05 00:00 19 33 18.90 -21 39 29.0
 2020-Jan-06 00:00 19 33 49.00 -21 38 26.3
 2020-Jan-07 00:00 19 34 19.12 -21 37 23.1
 2020-Jan-08 00:00 19 34 49.27 -21 36 19.6
 2020-Jan-09 00:00 19 35 19.43 -21 35 15.6
 2020-Jan-10 00:00 19 35 49.61 -21 34 11.3
 2020-Jan-11 00:00 19 36 19.80 -21 33 06.5
 2020-Jan-12 00:00 19 36 50.00 -21 32 01.4
 2020-Jan-13 00:00 19 37 20.20 -21 30 55.9
 2020-Jan-14 00:00 19 37 50.39 -21 29 50.1
 2020-Jan-15 00:00 19 38 20.58 -21 28 43.9
 2020-Jan-16 00:00 19 38 50.76 -21 27 37.4
 2020-Jan-17 00:00 19 39 20.92 -21 26 30.6
 2020-Jan-18 00:00 19 39 51.06 -21 25 23.5
 2020-Jan-19 00:00 19 40 21.17 -21 24 16.1
 2020-Jan-20 00:00 19 40 51.25 -21 23 08.4
 2020-Jan-21 00:00 19 41 21.29 -21 22 00.5
 2020-Jan-22 00:00 19 41 51.29 -21 20 52.3
 2020-Jan-23 00:00 19 42 21.24 -21 19 43.8
 2020-Jan-24 00:00 19 42 51.14 -21 18 35.2
 2020-Jan-25 00:00 19 43 20.98 -21 17 26.3
 2020-Jan-26 00:00 19 43 50.75 -21 16 17.2
 2020-Jan-27 00:00 19 44 20.46 -21 15 08.0
 2020-Jan-28 00:00 19 44 50.10 -21 13 58.6
 2020-Jan-29 00:00 19 45 19.66 -21 12 49.1
 2020-Jan-30 00:00 19 45 49.13 -21 11 39.4
 2020-Jan-31 00:00 19 46 18.51 -21 10 29.6
 2020-Feb-01 00:00 19 46 47.80 -21 09 19.7
 2020-Feb-02 00:00 19 47 16.99 -21 08 09.8
 2020-Feb-03 00:00 19 47 46.08 -21 06 59.7
 2020-Feb-04 00:00 19 48 15.06 -21 05 49.6
 2020-Feb-05 00:00 19 48 43.93 -21 04 39.5
 2020-Feb-06 00:00 19 49 12.68 -21 03 29.4
 2020-Feb-07 00:00 19 49 41.30 -21 02 19.3
 2020-Feb-08 00:00 19 50 09.81 -21 01 09.1
 2020-Feb-09 00:00 19 50 38.18 -20 59 59.0
 2020-Feb-10 00:00 19 51 06.42 -20 58 49.0
 2020-Feb-11 00:00 19 51 34.52 -20 57 39.0
 2020-Feb-12 00:00 19 52 02.48 -20 56 29.1
 2020-Feb-13 00:00 19 52 30.30 -20 55 19.3
 2020-Feb-14 00:00 19 52 57.96 -20 54 09.6
 2020-Feb-15 00:00 19 53 25.47 -20 53 00.0
 2020-Feb-16 00:00 19 53 52.82 -20 51 50.6
 2020-Feb-17 00:00 19 54 20.01 -20 50 41.3
 2020-Feb-18 00:00 19 54 47.02 -20 49 32.2
 2020-Feb-19 00:00 19 55 13.86 -20 48 23.4
 2020-Feb-20 00:00 19 55 40.53 -20 47 14.7
 2020-Feb-21 00:00 19 56 07.00 -20 46 06.3
 2020-Feb-22 00:00 19 56 33.29 -20 44 58.2
 2020-Feb-23 00:00 19 56 59.39 -20 43 50.3
 2020-Feb-24 00:00 19 57 25.28 -20 42 42.7
 2020-Feb-25 00:00 19 57 50.97 -20 41 35.5
 2020-Feb-26 00:00 19 58 16.46 -20 40 28.6
 2020-Feb-27 00:00 19 58 41.73 -20 39 22.0
 2020-Feb-28 00:00 19 59 06.78 -20 38 15.8
 2020-Feb-29 00:00 19 59 31.62 -20 37 10.0
 2020-Mar-01 00:00 19 59 56.23 -20 36 04.6
 2020-Mar-02 00:00 20 00 20.61 -20 34 59.6
 2020-Mar-03 00:00 20 00 44.75 -20 33 55.1
 2020-Mar-04 00:00 20 01 08.66 -20 32 51.1
 2020-Mar-05 00:00 20 01 32.32 -20 31 47.6
 2020-Mar-06 00:00 20 01 55.74 -20 30 44.5
 2020-Mar-07 00:00 20 02 18.92 -20 29 42.0
 2020-Mar-08 00:00 20 02 41.83 -20 28 40.1
 2020-Mar-09 00:00 20 03 04.50 -20 27 38.7
 2020-Mar-10 00:00 20 03 26.90 -20 26 37.8
 2020-Mar-11 00:00 20 03 49.04 -20 25 37.6
 2020-Mar-12 00:00 20 04 10.91 -20 24 37.9
 2020-Mar-13 00:00 20 04 32.51 -20 23 38.9
 2020-Mar-14 00:00 20 04 53.84 -20 22 40.6
 2020-Mar-15 00:00 20 05 14.89 -20 21 42.9
 2020-Mar-16 00:00 20 05 35.66 -20 20 45.9
 2020-Mar-17 00:00 20 05 56.14 -20 19 49.6
 2020-Mar-18 00:00 20 06 16.34 -20 18 54.1
 2020-Mar-19 00:00 20 06 36.23 -20 17 59.3
 2020-Mar-20 00:00 20 06 55.83 -20 17 05.2
 2020-Mar-21 00:00 20 07 15.12 -20 16 11.9
 2020-Mar-22 00:00 20 07 34.11 -20 15 19.5
 2020-Mar-23 00:00 20 07 52.79 -20 14 27.8
 2020-Mar-24 00:00 20 08 11.14 -20 13 37.0
 2020-Mar-25 00:00 20 08 29.18 -20 12 47.1
 2020-Mar-26 00:00 20 08 46.90 -20 11 58.0
 2020-Mar-27 00:00 20 09 04.29 -20 11 09.8
 2020-Mar-28 00:00 20 09 21.35 -20 10 22.5
 2020-Mar-29 00:00 20 09 38.08 -20 09 36.1
 2020-Mar-30 00:00 20 09 54.48 -20 08 50.7
 2020-Mar-31 00:00 20 10 10.53 -20 08 06.3
 2020-Apr-01 00:00 20 10 26.24 -20 07 22.8
 2020-Apr-02 00:00 20 10 41.61 -20 06 40.3
 2020-Apr-03 00:00 20 10 56.64 -20 05 58.8
 2020-Apr-04 00:00 20 11 11.31 -20 05 18.3
 2020-Apr-05 00:00 20 11 25.63 -20 04 38.9
 2020-Apr-06 00:00 20 11 39.60 -20 04 00.5
 2020-Apr-07 00:00 20 11 53.21 -20 03 23.2
 2020-Apr-08 00:00 20 12 06.47 -20 02 46.9
 2020-Apr-09 00:00 20 12 19.36 -20 02 11.7
 2020-Apr-10 00:00 20 12 31.89 -20 01 37.7
 2020-Apr-11 00:00 20 12 44.05 -20 01 04.7
 2020-Apr-12 00:00 20 12 55.84 -20 00 32.8
 2020-Apr-13 00:00 20 13 07.26 -20 00 02.1
 2020-Apr-14 00:00 20 13 18.31 -19 59 32.6
 2020-Apr-15 00:00 20 13 28.98 -19 59 04.2
 2020-Apr-16 00:00 20 13 39.27 -19 58 37.0
 2020-Apr-17 00:00 20 13 49.17 -19 58 11.0
 2020-Apr-18 00:00 20 13 58.70 -19 57 46.1
 2020-Apr-19 00:00 20 14 07.83 -19 57 22.5
 2020-Apr-20 00:00 20 14 16.58 -19 57 00.2
 2020-Apr-21 00:00 20 14 24.93 -19 56 39.0
 2020-Apr-22 00:00 20 14 32.89 -19 56 19.1
 2020-Apr-23 00:00 20 14 40.45 -19 56 00.5
 2020-Apr-24 00:00 20 14 47.62 -19 55 43.1
 2020-Apr-25 00:00 20 14 54.38 -19 55 27.0
 2020-Apr-26 00:00 20 15 00.75 -19 55 12.1
 2020-Apr-27 00:00 20 15 06.71 -19 54 58.6
 2020-Apr-28 00:00 20 15 12.27 -19 54 46.3
 2020-Apr-29 00:00 20 15 17.43 -19 54 35.3
 2020-Apr-30 00:00 20 15 22.19 -19 54 25.6
 2020-May-01 00:00 20 15 26.55 -19 54 17.3
 2020-May-02 00:00 20 15 30.50 -19 54 10.2
 2020-May-03 00:00 20 15 34.05 -19 54 04.4
 2020-May-04 00:00 20 15 37.19 -19 54 00.0
 2020-May-05 00:00 20 15 39.93 -19 53 56.8
 2020-May-06 00:00 20 15 42.27 -19 53 55.0
 2020-May-07 00:00 20 15 44.21 -19 53 54.5
 2020-May-08 00:00 20 15 45.74 -19 53 55.3
 2020-May-09 00:00 20 15 46.87 -19 53 57.4
 2020-May-10 00:00 20 15 47.59 -19 54 00.9
 2020-May-11 00:00 20 15 47.91 -19 54 05.6
 2020-May-12 00:00 20 15 47.83 -19 54 11.7
 2020-May-13 00:00 20 15 47.34 -19 54 19.0
 2020-May-14 00:00 20 15 46.44 -19 54 27.7
 2020-May-15 00:00 20 15 45.15 -19 54 37.7
 2020-May-16 00:00 20 15 43.45 -19 54 48.9
 2020-May-17 00:00 20 15 41.35 -19 55 01.5
 2020-May-18 00:00 20 15 38.84 -19 55 15.4
 2020-May-19 00:00 20 15 35.94 -19 55 30.6
 2020-May-20 00:00 20 15 32.64 -19 55 47.0
 2020-May-21 00:00 20 15 28.95 -19 56 04.8
 2020-May-22 00:00 20 15 24.85 -19 56 23.8
 2020-May-23 00:00 20 15 20.37 -19 56 44.0
 2020-May-24 00:00 20 15 15.49 -19 57 05.6
 2020-May-25 00:00 20 15 10.22 -19 57 28.3
 2020-May-26 00:00 20 15 04.57 -19 57 52.3
 2020-May-27 00:00 20 14 58.53 -19 58 17.5
 2020-May-28 00:00 20 14 52.12 -19 58 43.9
 2020-May-29 00:00 20 14 45.33 -19 59 11.6
 2020-May-30 00:00 20 14 38.16 -19 59 40.3
 2020-May-31 00:00 20 14 30.63 -20 00 10.3
 2020-Jun-01 00:00 20 14 22.74 -20 00 41.4
 2020-Jun-02 00:00 20 14 14.48 -20 01 13.6
 2020-Jun-03 00:00 20 14 05.87 -20 01 46.9
 2020-Jun-04 00:00 20 13 56.91 -20 02 21.3
 2020-Jun-05 00:00 20 13 47.59 -20 02 56.8
 2020-Jun-06 00:00 20 13 37.94 -20 03 33.4
 2020-Jun-07 00:00 20 13 27.94 -20 04 11.0
 2020-Jun-08 00:00 20 13 17.61 -20 04 49.6
 2020-Jun-09 00:00 20 13 06.94 -20 05 29.3
 2020-Jun-10 00:00 20 12 55.94 -20 06 09.9
 2020-Jun-11 00:00 20 12 44.62 -20 06 51.5
 2020-Jun-12 00:00 20 12 32.98 -20 07 34.1
 2020-Jun-13 00:00 20 12 21.02 -20 08 17.6
 2020-Jun-14 00:00 20 12 08.75 -20 09 02.0
 2020-Jun-15 00:00 20 11 56.18 -20 09 47.2
 2020-Jun-16 00:00 20 11 43.32 -20 10 33.3
 2020-Jun-17 00:00 20 11 30.15 -20 11 20.3
 2020-Jun-18 00:00 20 11 16.71 -20 12 08.1
 2020-Jun-19 00:00 20 11 02.98 -20 12 56.7
 2020-Jun-20 00:00 20 10 48.98 -20 13 46.0
 2020-Jun-21 00:00 20 10 34.71 -20 14 36.1
 2020-Jun-22 00:00 20 10 20.18 -20 15 26.9
 2020-Jun-23 00:00 20 10 05.40 -20 16 18.4
 2020-Jun-24 00:00 20 09 50.38 -20 17 10.5
 2020-Jun-25 00:00 20 09 35.12 -20 18 03.3
 2020-Jun-26 00:00 20 09 19.63 -20 18 56.7
 2020-Jun-27 00:00 20 09 03.92 -20 19 50.6
 2020-Jun-28 00:00 20 08 47.99 -20 20 45.1
 2020-Jun-29 00:00 20 08 31.87 -20 21 40.1
 2020-Jun-30 00:00 20 08 15.54 -20 22 35.6
 2020-Jul-01 00:00 20 07 59.02 -20 23 31.6
 2020-Jul-02 00:00 20 07 42.33 -20 24 28.0
 2020-Jul-03 00:00 20 07 25.46 -20 25 24.7
 2020-Jul-04 00:00 20 07 08.43 -20 26 21.9
 2020-Jul-05 00:00 20 06 51.24 -20 27 19.3
 2020-Jul-06 00:00 20 06 33.91 -20 28 17.1
 2020-Jul-07 00:00 20 06 16.43 -20 29 15.2
 2020-Jul-08 00:00 20 05 58.82 -20 30 13.5
 2020-Jul-09 00:00 20 05 41.08 -20 31 12.1
 2020-Jul-10 00:00 20 05 23.23 -20 32 10.9
 2020-Jul-11 00:00 20 05 05.27 -20 33 09.8
 2020-Jul-12 00:00 20 04 47.21 -20 34 08.9
 2020-Jul-13 00:00 20 04 29.07 -20 35 08.1
 2020-Jul-14 00:00 20 04 10.83 -20 36 07.4
 2020-Jul-15 00:00 20 03 52.53 -20 37 06.7
 2020-Jul-16 00:00 20 03 34.16 -20 38 06.0
 2020-Jul-17 00:00 20 03 15.74 -20 39 05.4
 2020-Jul-18 00:00 20 02 57.28 -20 40 04.7
 2020-Jul-19 00:00 20 02 38.78 -20 41 03.9
 2020-Jul-20 00:00 20 02 20.26 -20 42 03.1
 2020-Jul-21 00:00 20 02 01.73 -20 43 02.1
 2020-Jul-22 00:00 20 01 43.19 -20 44 01.0
 2020-Jul-23 00:00 20 01 24.66 -20 44 59.7
 2020-Jul-24 00:00 20 01 06.15 -20 45 58.2
 2020-Jul-25 00:00 20 00 47.67 -20 46 56.5
 2020-Jul-26 00:00 20 00 29.21 -20 47 54.5
 2020-Jul-27 00:00 20 00 10.81 -20 48 52.2
 2020-Jul-28 00:00 19 59 52.46 -20 49 49.6
 2020-Jul-29 00:00 19 59 34.18 -20 50 46.7
 2020-Jul-30 00:00 19 59 15.97 -20 51 43.3
 2020-Jul-31 00:00 19 58 57.84 -20 52 39.6
 2020-Aug-01 00:00 19 58 39.80 -20 53 35.5
 2020-Aug-02 00:00 19 58 21.87 -20 54 30.9
 2020-Aug-03 00:00 19 58 04.04 -20 55 25.8
 2020-Aug-04 00:00 19 57 46.33 -20 56 20.3
 2020-Aug-05 00:00 19 57 28.75 -20 57 14.2
 2020-Aug-06 00:00 19 57 11.31 -20 58 07.6
 2020-Aug-07 00:00 19 56 54.00 -20 59 00.5
 2020-Aug-08 00:00 19 56 36.85 -20 59 52.8
 2020-Aug-09 00:00 19 56 19.86 -21 00 44.5
 2020-Aug-10 00:00 19 56 03.04 -21 01 35.5
 2020-Aug-11 00:00 19 55 46.39 -21 02 26.0
 2020-Aug-12 00:00 19 55 29.94 -21 03 15.8
 2020-Aug-13 00:00 19 55 13.67 -21 04 04.9
 2020-Aug-14 00:00 19 54 57.61 -21 04 53.3
 2020-Aug-15 00:00 19 54 41.76 -21 05 41.0
 2020-Aug-16 00:00 19 54 26.12 -21 06 28.0
 2020-Aug-17 00:00 19 54 10.72 -21 07 14.2
 2020-Aug-18 00:00 19 53 55.55 -21 07 59.6
 2020-Aug-19 00:00 19 53 40.63 -21 08 44.3
 2020-Aug-20 00:00 19 53 25.96 -21 09 28.2
 2020-Aug-21 00:00 19 53 11.56 -21 10 11.2
 2020-Aug-22 00:00 19 52 57.42 -21 10 53.4
 2020-Aug-23 00:00 19 52 43.56 -21 11 34.8
 2020-Aug-24 00:00 19 52 29.99 -21 12 15.2
 2020-Aug-25 00:00 19 52 16.70 -21 12 54.9
 2020-Aug-26 00:00 19 52 03.71 -21 13 33.6
 2020-Aug-27 00:00 19 51 51.03 -21 14 11.4
 2020-Aug-28 00:00 19 51 38.65 -21 14 48.3
 2020-Aug-29 00:00 19 51 26.58 -21 15 24.3
 2020-Aug-30 00:00 19 51 14.84 -21 15 59.4
 2020-Aug-31 00:00 19 51 03.41 -21 16 33.5
 2020-Sep-01 00:00 19 50 52.32 -21 17 06.6
 2020-Sep-02 00:00 19 50 41.56 -21 17 38.8
 2020-Sep-03 00:00 19 50 31.15 -21 18 10.0
 2020-Sep-04 00:00 19 50 21.07 -21 18 40.2
 2020-Sep-05 00:00 19 50 11.35 -21 19 09.4
 2020-Sep-06 00:00 19 50 01.98 -21 19 37.7
 2020-Sep-07 00:00 19 49 52.97 -21 20 04.9
 2020-Sep-08 00:00 19 49 44.32 -21 20 31.1
 2020-Sep-09 00:00 19 49 36.04 -21 20 56.3
 2020-Sep-10 00:00 19 49 28.14 -21 21 20.5
 2020-Sep-11 00:00 19 49 20.60 -21 21 43.6
 2020-Sep-12 00:00 19 49 13.45 -21 22 05.7
 2020-Sep-13 00:00 19 49 06.69 -21 22 26.8
 2020-Sep-14 00:00 19 49 00.31 -21 22 46.8
 2020-Sep-15 00:00 19 48 54.32 -21 23 05.8
 2020-Sep-16 00:00 19 48 48.73 -21 23 23.6
 2020-Sep-17 00:00 19 48 43.53 -21 23 40.5
 2020-Sep-18 00:00 19 48 38.74 -21 23 56.2
 2020-Sep-19 00:00 19 48 34.36 -21 24 10.9
 2020-Sep-20 00:00 19 48 30.38 -21 24 24.5
 2020-Sep-21 00:00 19 48 26.81 -21 24 37.0
 2020-Sep-22 00:00 19 48 23.66 -21 24 48.4
 2020-Sep-23 00:00 19 48 20.92 -21 24 58.7
 2020-Sep-24 00:00 19 48 18.60 -21 25 07.9
 2020-Sep-25 00:00 19 48 16.69 -21 25 16.0
 2020-Sep-26 00:00 19 48 15.20 -21 25 23.0
 2020-Sep-27 00:00 19 48 14.13 -21 25 29.0
 2020-Sep-28 00:00 19 48 13.47 -21 25 33.8
 2020-Sep-29 00:00 19 48 13.23 -21 25 37.6
 2020-Sep-30 00:00 19 48 13.41 -21 25 40.2
 2020-Oct-01 00:00 19 48 14.01 -21 25 41.8
 2020-Oct-02 00:00 19 48 15.03 -21 25 42.2
 2020-Oct-03 00:00 19 48 16.46 -21 25 41.5
 2020-Oct-04 00:00 19 48 18.32 -21 25 39.8
 2020-Oct-05 00:00 19 48 20.59 -21 25 36.9
 2020-Oct-06 00:00 19 48 23.29 -21 25 32.9
 2020-Oct-07 00:00 19 48 26.40 -21 25 27.9
 2020-Oct-08 00:00 19 48 29.94 -21 25 21.7
 2020-Oct-09 00:00 19 48 33.89 -21 25 14.4
 2020-Oct-10 00:00 19 48 38.27 -21 25 06.1
 2020-Oct-11 00:00 19 48 43.06 -21 24 56.6
 2020-Oct-12 00:00 19 48 48.27 -21 24 46.0
 2020-Oct-13 00:00 19 48 53.90 -21 24 34.4
 2020-Oct-14 00:00 19 48 59.94 -21 24 21.6
 2020-Oct-15 00:00 19 49 06.40 -21 24 07.7
 2020-Oct-16 00:00 19 49 13.28 -21 23 52.7
 2020-Oct-17 00:00 19 49 20.57 -21 23 36.7
 2020-Oct-18 00:00 19 49 28.27 -21 23 19.5
 2020-Oct-19 00:00 19 49 36.38 -21 23 01.2
 2020-Oct-20 00:00 19 49 44.90 -21 22 41.9
 2020-Oct-21 00:00 19 49 53.83 -21 22 21.4
 2020-Oct-22 00:00 19 50 03.16 -21 21 59.8
 2020-Oct-23 00:00 19 50 12.89 -21 21 37.2
 2020-Oct-24 00:00 19 50 23.02 -21 21 13.4
 2020-Oct-25 00:00 19 50 33.55 -21 20 48.6
 2020-Oct-26 00:00 19 50 44.47 -21 20 22.7
 2020-Oct-27 00:00 19 50 55.77 -21 19 55.7
 2020-Oct-28 00:00 19 51 07.47 -21 19 27.7
 2020-Oct-29 00:00 19 51 19.54 -21 18 58.5
 2020-Oct-30 00:00 19 51 32.00 -21 18 28.4
 2020-Oct-31 00:00 19 51 44.83 -21 17 57.1
 2020-Nov-01 00:00 19 51 58.03 -21 17 24.8
 2020-Nov-02 00:00 19 52 11.61 -21 16 51.4
 2020-Nov-03 00:00 19 52 25.56 -21 16 17.0
 2020-Nov-04 00:00 19 52 39.86 -21 15 41.5
 2020-Nov-05 00:00 19 52 54.53 -21 15 05.0
 2020-Nov-06 00:00 19 53 09.56 -21 14 27.4
 2020-Nov-07 00:00 19 53 24.95 -21 13 48.8
 2020-Nov-08 00:00 19 53 40.69 -21 13 09.1
 2020-Nov-09 00:00 19 53 56.78 -21 12 28.4
 2020-Nov-10 00:00 19 54 13.22 -21 11 46.7
 2020-Nov-11 00:00 19 54 30.00 -21 11 03.9
 2020-Nov-12 00:00 19 54 47.12 -21 10 20.1
 2020-Nov-13 00:00 19 55 04.58 -21 09 35.3
 2020-Nov-14 00:00 19 55 22.37 -21 08 49.5
 2020-Nov-15 00:00 19 55 40.49 -21 08 02.6
 2020-Nov-16 00:00 19 55 58.94 -21 07 14.8
 2020-Nov-17 00:00 19 56 17.71 -21 06 25.9
 2020-Nov-18 00:00 19 56 36.79 -21 05 36.0
 2020-Nov-19 00:00 19 56 56.18 -21 04 45.2
 2020-Nov-20 00:00 19 57 15.88 -21 03 53.3
 2020-Nov-21 00:00 19 57 35.88 -21 03 00.4
 2020-Nov-22 00:00 19 57 56.18 -21 02 06.6
 2020-Nov-23 00:00 19 58 16.77 -21 01 11.8
 2020-Nov-24 00:00 19 58 37.65 -21 00 16.0
 2020-Nov-25 00:00 19 58 58.82 -20 59 19.3
 2020-Nov-26 00:00 19 59 20.26 -20 58 21.6
 2020-Nov-27 00:00 19 59 41.98 -20 57 23.0
 2020-Nov-28 00:00 20 00 03.96 -20 56 23.4
 2020-Nov-29 00:00 20 00 26.22 -20 55 22.9
 2020-Nov-30 00:00 20 00 48.73 -20 54 21.5
 2020-Dec-01 00:00 20 01 11.50 -20 53 19.2
 2020-Dec-02 00:00 20 01 34.52 -20 52 16.0
 2020-Dec-03 00:00 20 01 57.79 -20 51 11.8
 2020-Dec-04 00:00 20 02 21.30 -20 50 06.8
 2020-Dec-05 00:00 20 02 45.05 -20 49 00.8
 2020-Dec-06 00:00 20 03 09.04 -20 47 54.0
 2020-Dec-07 00:00 20 03 33.26 -20 46 46.3
 2020-Dec-08 00:00 20 03 57.70 -20 45 37.7
 2020-Dec-09 00:00 20 04 22.37 -20 44 28.2
 2020-Dec-10 00:00 20 04 47.25 -20 43 17.9
 2020-Dec-11 00:00 20 05 12.35 -20 42 06.8
 2020-Dec-12 00:00 20 05 37.66 -20 40 54.8
 2020-Dec-13 00:00 20 06 03.17 -20 39 42.0
 2020-Dec-14 00:00 20 06 28.88 -20 38 28.3
 2020-Dec-15 00:00 20 06 54.79 -20 37 13.8
 2020-Dec-16 00:00 20 07 20.88 -20 35 58.6
 2020-Dec-17 00:00 20 07 47.16 -20 34 42.5
 2020-Dec-18 00:00 20 08 13.61 -20 33 25.7
 2020-Dec-19 00:00 20 08 40.24 -20 32 08.1
 2020-Dec-20 00:00 20 09 07.03 -20 30 49.7
 2020-Dec-21 00:00 20 09 33.99 -20 29 30.6
 2020-Dec-22 00:00 20 10 01.10 -20 28 10.7
 2020-Dec-23 00:00 20 10 28.36 -20 26 50.1
 2020-Dec-24 00:00 20 10 55.76 -20 25 28.8
 2020-Dec-25 00:00 20 11 23.31 -20 24 06.7
 2020-Dec-26 00:00 20 11 51.00 -20 22 44.0
 2020-Dec-27 00:00 20 12 18.81 -20 21 20.6
 2020-Dec-28 00:00 20 12 46.76 -20 19 56.6
 2020-Dec-29 00:00 20 13 14.82 -20 18 31.9
 2020-Dec-30 00:00 20 13 43.01 -20 17 06.5
 2020-Dec-31 00:00 20 14 11.30 -20 15 40.5
 2021-Jan-01 00:00 20 14 39.71 -20 14 13.9
 2021-Jan-02 00:00 20 15 08.22 -20 12 46.7
 2021-Jan-03 00:00 20 15 36.82 -20 11 18.9
 2021-Jan-04 00:00 20 16 05.53 -20 09 50.5
 2021-Jan-05 00:00 20 16 34.32 -20 08 21.5
 2021-Jan-06 00:00 20 17 03.20 -20 06 51.9
 2021-Jan-07 00:00 20 17 32.16 -20 05 21.9
 2021-Jan-08 00:00 20 18 01.19 -20 03 51.2
 2021-Jan-09 00:00 20 18 30.30 -20 02 20.1
 2021-Jan-10 00:00 20 18 59.47 -20 00 48.4
 2021-Jan-11 00:00 20 19 28.71 -19 59 16.3
 2021-Jan-12 00:00 20 19 58.00 -19 57 43.6
 2021-Jan-13 00:00 20 20 27.35 -19 56 10.5
 2021-Jan-14 00:00 20 20 56.74 -19 54 37.0
 2021-Jan-15 00:00 20 21 26.16 -19 53 03.0
 2021-Jan-16 00:00 20 21 55.63 -19 51 28.6
 2021-Jan-17 00:00 20 22 25.12 -19 49 53.8
 2021-Jan-18 00:00 20 22 54.64 -19 48 18.7
 2021-Jan-19 00:00 20 23 24.17 -19 46 43.2
 2021-Jan-20 00:00 20 23 53.72 -19 45 07.3
 2021-Jan-21 00:00 20 24 23.28 -19 43 31.1
 2021-Jan-22 00:00 20 24 52.84 -19 41 54.6
 2021-Jan-23 00:00 20 25 22.40 -19 40 17.8
 2021-Jan-24 00:00 20 25 51.96 -19 38 40.8
 2021-Jan-25 00:00 20 26 21.51 -19 37 03.4
 2021-Jan-26 00:00 20 26 51.04 -19 35 25.8
 2021-Jan-27 00:00 20 27 20.55 -19 33 48.0
 2021-Jan-28 00:00 20 27 50.04 -19 32 10.0
 2021-Jan-29 00:00 20 28 19.50 -19 30 31.8
 2021-Jan-30 00:00 20 28 48.93 -19 28 53.4
 2021-Jan-31 00:00 20 29 18.33 -19 27 14.9
 2021-Feb-01 00:00 20 29 47.68 -19 25 36.2
 2021-Feb-02 00:00 20 30 16.99 -19 23 57.4
 2021-Feb-03 00:00 20 30 46.25 -19 22 18.5
 2021-Feb-04 00:00 20 31 15.46 -19 20 39.5
 2021-Feb-05 00:00 20 31 44.61 -19 19 00.4
 2021-Feb-06 00:00 20 32 13.70 -19 17 21.3
 2021-Feb-07 00:00 20 32 42.72 -19 15 42.2
 2021-Feb-08 00:00 20 33 11.66 -19 14 03.0
 2021-Feb-09 00:00 20 33 40.53 -19 12 23.8
 2021-Feb-10 00:00 20 34 09.32 -19 10 44.7
 2021-Feb-11 00:00 20 34 38.01 -19 09 05.6
 2021-Feb-12 00:00 20 35 06.62 -19 07 26.6
 2021-Feb-13 00:00 20 35 35.13 -19 05 47.7
 2021-Feb-14 00:00 20 36 03.53 -19 04 08.9
 2021-Feb-15 00:00 20 36 31.83 -19 02 30.2
 2021-Feb-16 00:00 20 37 00.02 -19 00 51.7
 2021-Feb-17 00:00 20 37 28.09 -18 59 13.3
 2021-Feb-18 00:00 20 37 56.03 -18 57 35.2
 2021-Feb-19 00:00 20 38 23.86 -18 55 57.3
 2021-Feb-20 00:00 20 38 51.55 -18 54 19.6
 2021-Feb-21 00:00 20 39 19.10 -18 52 42.2
 2021-Feb-22 00:00 20 39 46.52 -18 51 05.1
 2021-Feb-23 00:00 20 40 13.79 -18 49 28.2
 2021-Feb-24 00:00 20 40 40.92 -18 47 51.7
 2021-Feb-25 00:00 20 41 07.89 -18 46 15.6
 2021-Feb-26 00:00 20 41 34.71 -18 44 39.8
 2021-Feb-27 00:00 20 42 01.38 -18 43 04.4
 2021-Feb-28 00:00 20 42 27.88 -18 41 29.4
 2021-Mar-01 00:00 20 42 54.21 -18 39 54.8
 2021-Mar-02 00:00 20 43 20.37 -18 38 20.6
 2021-Mar-03 00:00 20 43 46.36 -18 36 47.0
 2021-Mar-04 00:00 20 44 12.18 -18 35 13.8
 2021-Mar-05 00:00 20 44 37.81 -18 33 41.1
 2021-Mar-06 00:00 20 45 03.25 -18 32 08.9
 2021-Mar-07 00:00 20 45 28.50 -18 30 37.3
 2021-Mar-08 00:00 20 45 53.56 -18 29 06.3
 2021-Mar-09 00:00 20 46 18.41 -18 27 35.9
 2021-Mar-10 00:00 20 46 43.06 -18 26 06.0
 2021-Mar-11 00:00 20 47 07.50 -18 24 36.9
 2021-Mar-12 00:00 20 47 31.73 -18 23 08.3
 2021-Mar-13 00:00 20 47 55.74 -18 21 40.5
 2021-Mar-14 00:00 20 48 19.52 -18 20 13.4
 2021-Mar-15 00:00 20 48 43.08 -18 18 47.0
 2021-Mar-16 00:00 20 49 06.40 -18 17 21.4
 2021-Mar-17 00:00 20 49 29.49 -18 15 56.5
 2021-Mar-18 00:00 20 49 52.35 -18 14 32.5
 2021-Mar-19 00:00 20 50 14.96 -18 13 09.3
 2021-Mar-20 00:00 20 50 37.32 -18 11 46.9
 2021-Mar-21 00:00 20 50 59.43 -18 10 25.4
 2021-Mar-22 00:00 20 51 21.29 -18 09 04.8
 2021-Mar-23 00:00 20 51 42.89 -18 07 45.0
 2021-Mar-24 00:00 20 52 04.22 -18 06 26.3
 2021-Mar-25 00:00 20 52 25.30 -18 05 08.4
 2021-Mar-26 00:00 20 52 46.10 -18 03 51.6
 2021-Mar-27 00:00 20 53 06.64 -18 02 35.7
 2021-Mar-28 00:00 20 53 26.90 -18 01 20.8
 2021-Mar-29 00:00 20 53 46.88 -18 00 07.0
 2021-Mar-30 00:00 20 54 06.58 -17 58 54.2
 2021-Mar-31 00:00 20 54 26.00 -17 57 42.4
 2021-Apr-01 00:00 20 54 45.13 -17 56 31.7
 2021-Apr-02 00:00 20 55 03.97 -17 55 22.2
 2021-Apr-03 00:00 20 55 22.52 -17 54 13.7
 2021-Apr-04 00:00 20 55 40.77 -17 53 06.4
 2021-Apr-05 00:00 20 55 58.72 -17 52 00.3
 2021-Apr-06 00:00 20 56 16.36 -17 50 55.4
 2021-Apr-07 00:00 20 56 33.69 -17 49 51.6
 2021-Apr-08 00:00 20 56 50.71 -17 48 49.1
 2021-Apr-09 00:00 20 57 07.42 -17 47 47.8
 2021-Apr-10 00:00 20 57 23.80 -17 46 47.8
 2021-Apr-11 00:00 20 57 39.86 -17 45 49.1
 2021-Apr-12 00:00 20 57 55.59 -17 44 51.7
 2021-Apr-13 00:00 20 58 10.98 -17 43 55.6
 2021-Apr-14 00:00 20 58 26.05 -17 43 00.8
 2021-Apr-15 00:00 20 58 40.78 -17 42 07.4
 2021-Apr-16 00:00 20 58 55.17 -17 41 15.4
 2021-Apr-17 00:00 20 59 09.22 -17 40 24.7
 2021-Apr-18 00:00 20 59 22.92 -17 39 35.5
 2021-Apr-19 00:00 20 59 36.28 -17 38 47.7
 2021-Apr-20 00:00 20 59 49.29 -17 38 01.4
 2021-Apr-21 00:00 21 00 01.95 -17 37 16.4
 2021-Apr-22 00:00 21 00 14.25 -17 36 33.0
 2021-Apr-23 00:00 21 00 26.20 -17 35 51.1
 2021-Apr-24 00:00 21 00 37.79 -17 35 10.6
 2021-Apr-25 00:00 21 00 49.02 -17 34 31.6
 2021-Apr-26 00:00 21 00 59.89 -17 33 54.2
 2021-Apr-27 00:00 21 01 10.40 -17 33 18.2
 2021-Apr-28 00:00 21 01 20.54 -17 32 43.9
 2021-Apr-29 00:00 21 01 30.32 -17 32 11.0
 2021-Apr-30 00:00 21 01 39.72 -17 31 39.7
 2021-May-01 00:00 21 01 48.76 -17 31 10.0
 2021-May-02 00:00 21 01 57.42 -17 30 41.9
 2021-May-03 00:00 21 02 05.70 -17 30 15.3
 2021-May-04 00:00 21 02 13.61 -17 29 50.4
 2021-May-05 00:00 21 02 21.14 -17 29 27.0
 2021-May-06 00:00 21 02 28.28 -17 29 05.4
 2021-May-07 00:00 21 02 35.04 -17 28 45.3
 2021-May-08 00:00 21 02 41.42 -17 28 26.9
 2021-May-09 00:00 21 02 47.40 -17 28 10.1
 2021-May-10 00:00 21 02 53.00 -17 27 55.1
 2021-May-11 00:00 21 02 58.21 -17 27 41.6
 2021-May-12 00:00 21 03 03.02 -17 27 29.9
 2021-May-13 00:00 21 03 07.45 -17 27 19.8
 2021-May-14 00:00 21 03 11.48 -17 27 11.5
 2021-May-15 00:00 21 03 15.11 -17 27 04.8
 2021-May-16 00:00 21 03 18.35 -17 26 59.8
 2021-May-17 00:00 21 03 21.20 -17 26 56.4
 2021-May-18 00:00 21 03 23.65 -17 26 54.8
 2021-May-19 00:00 21 03 25.72 -17 26 54.9
 2021-May-20 00:00 21 03 27.38 -17 26 56.6
 2021-May-21 00:00 21 03 28.66 -17 27 00.1
 2021-May-22 00:00 21 03 29.54 -17 27 05.2
 2021-May-23 00:00 21 03 30.03 -17 27 12.0
 2021-May-24 00:00 21 03 30.14 -17 27 20.5
 2021-May-25 00:00 21 03 29.85 -17 27 30.7
 2021-May-26 00:00 21 03 29.17 -17 27 42.5
 2021-May-27 00:00 21 03 28.10 -17 27 56.0
 2021-May-28 00:00 21 03 26.65 -17 28 11.1
 2021-May-29 00:00 21 03 24.81 -17 28 27.9
 2021-May-30 00:00 21 03 22.58 -17 28 46.3
 2021-May-31 00:00 21 03 19.96 -17 29 06.4
 2021-Jun-01 00:00 21 03 16.96 -17 29 28.1
 2021-Jun-02 00:00 21 03 13.57 -17 29 51.4
 2021-Jun-03 00:00 21 03 09.80 -17 30 16.4
 2021-Jun-04 00:00 21 03 05.64 -17 30 42.9
 2021-Jun-05 00:00 21 03 01.11 -17 31 11.1
 2021-Jun-06 00:00 21 02 56.20 -17 31 40.8
 2021-Jun-07 00:00 21 02 50.91 -17 32 12.1
 2021-Jun-08 00:00 21 02 45.25 -17 32 45.0
 2021-Jun-09 00:00 21 02 39.21 -17 33 19.4
 2021-Jun-10 00:00 21 02 32.81 -17 33 55.4
 2021-Jun-11 00:00 21 02 26.04 -17 34 32.8
 2021-Jun-12 00:00 21 02 18.91 -17 35 11.8
 2021-Jun-13 00:00 21 02 11.41 -17 35 52.3
 2021-Jun-14 00:00 21 02 03.56 -17 36 34.2
 2021-Jun-15 00:00 21 01 55.36 -17 37 17.5
 2021-Jun-16 00:00 21 01 46.81 -17 38 02.3
 2021-Jun-17 00:00 21 01 37.92 -17 38 48.4
 2021-Jun-18 00:00 21 01 28.69 -17 39 35.9
 2021-Jun-19 00:00 21 01 19.13 -17 40 24.8
 2021-Jun-20 00:00 21 01 09.23 -17 41 15.0
 2021-Jun-21 00:00 21 00 59.01 -17 42 06.5
 2021-Jun-22 00:00 21 00 48.48 -17 42 59.2
 2021-Jun-23 00:00 21 00 37.62 -17 43 53.2
 2021-Jun-24 00:00 21 00 26.46 -17 44 48.4
 2021-Jun-25 00:00 21 00 14.99 -17 45 44.8
 2021-Jun-26 00:00 21 00 03.22 -17 46 42.4
 2021-Jun-27 00:00 20 59 51.16 -17 47 41.1
 2021-Jun-28 00:00 20 59 38.80 -17 48 40.9
 2021-Jun-29 00:00 20 59 26.15 -17 49 41.8
 2021-Jun-30 00:00 20 59 13.23 -17 50 43.8
 2021-Jul-01 00:00 20 59 00.02 -17 51 46.8
 2021-Jul-02 00:00 20 58 46.55 -17 52 50.8
 2021-Jul-03 00:00 20 58 32.81 -17 53 55.7
 2021-Jul-04 00:00 20 58 18.82 -17 55 01.6
 2021-Jul-05 00:00 20 58 04.57 -17 56 08.4
 2021-Jul-06 00:00 20 57 50.08 -17 57 16.1
 2021-Jul-07 00:00 20 57 35.35 -17 58 24.6
 2021-Jul-08 00:00 20 57 20.39 -17 59 33.9
 2021-Jul-09 00:00 20 57 05.21 -18 00 43.9
 2021-Jul-10 00:00 20 56 49.82 -18 01 54.7
 2021-Jul-11 00:00 20 56 34.21 -18 03 06.2
 2021-Jul-12 00:00 20 56 18.41 -18 04 18.4
 2021-Jul-13 00:00 20 56 02.42 -18 05 31.2
 2021-Jul-14 00:00 20 55 46.24 -18 06 44.5
 2021-Jul-15 00:00 20 55 29.89 -18 07 58.4
 2021-Jul-16 00:00 20 55 13.37 -18 09 12.9
 2021-Jul-17 00:00 20 54 56.69 -18 10 27.7
 2021-Jul-18 00:00 20 54 39.87 -18 11 43.0
 2021-Jul-19 00:00 20 54 22.91 -18 12 58.7
 2021-Jul-20 00:00 20 54 05.81 -18 14 14.7
 2021-Jul-21 00:00 20 53 48.59 -18 15 31.0
 2021-Jul-22 00:00 20 53 31.26 -18 16 47.6
 2021-Jul-23 00:00 20 53 13.82 -18 18 04.4
 2021-Jul-24 00:00 20 52 56.28 -18 19 21.4
 2021-Jul-25 00:00 20 52 38.65 -18 20 38.6
 2021-Jul-26 00:00 20 52 20.94 -18 21 55.9
 2021-Jul-27 00:00 20 52 03.16 -18 23 13.2
 2021-Jul-28 00:00 20 51 45.31 -18 24 30.7
 2021-Jul-29 00:00 20 51 27.40 -18 25 48.1
 2021-Jul-30 00:00 20 51 09.45 -18 27 05.5
 2021-Jul-31 00:00 20 50 51.46 -18 28 22.9
 2021-Aug-01 00:00 20 50 33.43 -18 29 40.1
 2021-Aug-02 00:00 20 50 15.39 -18 30 57.2
 2021-Aug-03 00:00 20 49 57.33 -18 32 14.2
 2021-Aug-04 00:00 20 49 39.28 -18 33 30.9
 2021-Aug-05 00:00 20 49 21.23 -18 34 47.3
 2021-Aug-06 00:00 20 49 03.20 -18 36 03.5
 2021-Aug-07 00:00 20 48 45.19 -18 37 19.4
 2021-Aug-08 00:00 20 48 27.23 -18 38 34.9
 2021-Aug-09 00:00 20 48 09.31 -18 39 49.9
 2021-Aug-10 00:00 20 47 51.45 -18 41 04.6
 2021-Aug-11 00:00 20 47 33.66 -18 42 18.8
 2021-Aug-12 00:00 20 47 15.94 -18 43 32.4
 2021-Aug-13 00:00 20 46 58.31 -18 44 45.5
 2021-Aug-14 00:00 20 46 40.77 -18 45 58.1
 2021-Aug-15 00:00 20 46 23.34 -18 47 10.0
 2021-Aug-16 00:00 20 46 06.02 -18 48 21.2
 2021-Aug-17 00:00 20 45 48.83 -18 49 31.8
 2021-Aug-18 00:00 20 45 31.76 -18 50 41.6
 2021-Aug-19 00:00 20 45 14.84 -18 51 50.7
 2021-Aug-20 00:00 20 44 58.06 -18 52 59.0
 2021-Aug-21 00:00 20 44 41.44 -18 54 06.5
 2021-Aug-22 00:00 20 44 24.99 -18 55 13.2
 2021-Aug-23 00:00 20 44 08.70 -18 56 19.0
 2021-Aug-24 00:00 20 43 52.60 -18 57 23.9
 2021-Aug-25 00:00 20 43 36.69 -18 58 27.9
 2021-Aug-26 00:00 20 43 20.97 -18 59 31.0
 2021-Aug-27 00:00 20 43 05.45 -19 00 33.1
 2021-Aug-28 00:00 20 42 50.15 -19 01 34.2
 2021-Aug-29 00:00 20 42 35.06 -19 02 34.3
 2021-Aug-30 00:00 20 42 20.21 -19 03 33.3
 2021-Aug-31 00:00 20 42 05.58 -19 04 31.3
 2021-Sep-01 00:00 20 41 51.20 -19 05 28.2
 2021-Sep-02 00:00 20 41 37.07 -19 06 24.0
 2021-Sep-03 00:00 20 41 23.20 -19 07 18.6
 2021-Sep-04 00:00 20 41 09.59 -19 08 12.1
 2021-Sep-05 00:00 20 40 56.25 -19 09 04.4
 2021-Sep-06 00:00 20 40 43.20 -19 09 55.5
 2021-Sep-07 00:00 20 40 30.43 -19 10 45.4
 2021-Sep-08 00:00 20 40 17.96 -19 11 34.0
 2021-Sep-09 00:00 20 40 05.79 -19 12 21.3
 2021-Sep-10 00:00 20 39 53.93 -19 13 07.4
 2021-Sep-11 00:00 20 39 42.38 -19 13 52.2
 2021-Sep-12 00:00 20 39 31.16 -19 14 35.6
 2021-Sep-13 00:00 20 39 20.26 -19 15 17.7
 2021-Sep-14 00:00 20 39 09.69 -19 15 58.5
 2021-Sep-15 00:00 20 38 59.45 -19 16 37.8
 2021-Sep-16 00:00 20 38 49.56 -19 17 15.9
 2021-Sep-17 00:00 20 38 40.01 -19 17 52.5
 2021-Sep-18 00:00 20 38 30.81 -19 18 27.7
 2021-Sep-19 00:00 20 38 21.96 -19 19 01.5
 2021-Sep-20 00:00 20 38 13.47 -19 19 33.8
 2021-Sep-21 00:00 20 38 05.34 -19 20 04.8
 2021-Sep-22 00:00 20 37 57.57 -19 20 34.3
 2021-Sep-23 00:00 20 37 50.17 -19 21 02.3
 2021-Sep-24 00:00 20 37 43.15 -19 21 28.9
 2021-Sep-25 00:00 20 37 36.50 -19 21 54.0
 2021-Sep-26 00:00 20 37 30.23 -19 22 17.7
 2021-Sep-27 00:00 20 37 24.34 -19 22 39.8
 2021-Sep-28 00:00 20 37 18.84 -19 23 00.5
 2021-Sep-29 00:00 20 37 13.73 -19 23 19.7
 2021-Sep-30 00:00 20 37 09.01 -19 23 37.4
 2021-Oct-01 00:00 20 37 04.69 -19 23 53.6
 2021-Oct-02 00:00 20 37 00.76 -19 24 08.2
 2021-Oct-03 00:00 20 36 57.24 -19 24 21.4
 2021-Oct-04 00:00 20 36 54.12 -19 24 33.0
 2021-Oct-05 00:00 20 36 51.40 -19 24 43.1
 2021-Oct-06 00:00 20 36 49.09 -19 24 51.6
 2021-Oct-07 00:00 20 36 47.19 -19 24 58.6
 2021-Oct-08 00:00 20 36 45.70 -19 25 04.0
 2021-Oct-09 00:00 20 36 44.63 -19 25 07.9
 2021-Oct-10 00:00 20 36 43.97 -19 25 10.2
 2021-Oct-11 00:00 20 36 43.73 -19 25 11.0
 2021-Oct-12 00:00 20 36 43.90 -19 25 10.2
 2021-Oct-13 00:00 20 36 44.49 -19 25 07.8
 2021-Oct-14 00:00 20 36 45.49 -19 25 03.9
 2021-Oct-15 00:00 20 36 46.91 -19 24 58.5
 2021-Oct-16 00:00 20 36 48.74 -19 24 51.5
 2021-Oct-17 00:00 20 36 50.99 -19 24 43.0
 2021-Oct-18 00:00 20 36 53.65 -19 24 32.9
 2021-Oct-19 00:00 20 36 56.72 -19 24 21.3
 2021-Oct-20 00:00 20 37 00.20 -19 24 08.1
 2021-Oct-21 00:00 20 37 04.10 -19 23 53.4
 2021-Oct-22 00:00 20 37 08.40 -19 23 37.2
 2021-Oct-23 00:00 20 37 13.12 -19 23 19.4
 2021-Oct-24 00:00 20 37 18.24 -19 23 00.1
 2021-Oct-25 00:00 20 37 23.77 -19 22 39.3
 2021-Oct-26 00:00 20 37 29.71 -19 22 16.9
 2021-Oct-27 00:00 20 37 36.06 -19 21 53.0
 2021-Oct-28 00:00 20 37 42.81 -19 21 27.7
 2021-Oct-29 00:00 20 37 49.96 -19 21 00.8
 2021-Oct-30 00:00 20 37 57.52 -19 20 32.4
 2021-Oct-31 00:00 20 38 05.48 -19 20 02.5
 2021-Nov-01 00:00 20 38 13.85 -19 19 31.1
 2021-Nov-02 00:00 20 38 22.60 -19 18 58.2
 2021-Nov-03 00:00 20 38 31.76 -19 18 23.8
 2021-Nov-04 00:00 20 38 41.31 -19 17 47.9
 2021-Nov-05 00:00 20 38 51.25 -19 17 10.5
 2021-Nov-06 00:00 20 39 01.59 -19 16 31.7
 2021-Nov-07 00:00 20 39 12.31 -19 15 51.3
 2021-Nov-08 00:00 20 39 23.42 -19 15 09.5
 2021-Nov-09 00:00 20 39 34.90 -19 14 26.3
 2021-Nov-10 00:00 20 39 46.77 -19 13 41.5
 2021-Nov-11 00:00 20 39 59.01 -19 12 55.4
 2021-Nov-12 00:00 20 40 11.63 -19 12 07.8
 2021-Nov-13 00:00 20 40 24.61 -19 11 18.7
 2021-Nov-14 00:00 20 40 37.96 -19 10 28.3
 2021-Nov-15 00:00 20 40 51.67 -19 09 36.4
 2021-Nov-16 00:00 20 41 05.73 -19 08 43.2
 2021-Nov-17 00:00 20 41 20.15 -19 07 48.6
 2021-Nov-18 00:00 20 41 34.92 -19 06 52.6
 2021-Nov-19 00:00 20 41 50.03 -19 05 55.2
 2021-Nov-20 00:00 20 42 05.49 -19 04 56.4
 2021-Nov-21 00:00 20 42 21.29 -19 03 56.3
 2021-Nov-22 00:00 20 42 37.42 -19 02 54.9
 2021-Nov-23 00:00 20 42 53.89 -19 01 52.1
 2021-Nov-24 00:00 20 43 10.69 -19 00 48.0
 2021-Nov-25 00:00 20 43 27.81 -18 59 42.6
 2021-Nov-26 00:00 20 43 45.26 -18 58 35.8
 2021-Nov-27 00:00 20 44 03.03 -18 57 27.8
 2021-Nov-28 00:00 20 44 21.11 -18 56 18.5
 2021-Nov-29 00:00 20 44 39.50 -18 55 07.9
 2021-Nov-30 00:00 20 44 58.21 -18 53 56.0
 2021-Dec-01 00:00 20 45 17.22 -18 52 42.8
 2021-Dec-02 00:00 20 45 36.53 -18 51 28.4
 2021-Dec-03 00:00 20 45 56.13 -18 50 12.7
 2021-Dec-04 00:00 20 46 16.03 -18 48 55.9
 2021-Dec-05 00:00 20 46 36.22 -18 47 37.7
 2021-Dec-06 00:00 20 46 56.69 -18 46 18.4
 2021-Dec-07 00:00 20 47 17.43 -18 44 57.9
 2021-Dec-08 00:00 20 47 38.45 -18 43 36.2
 2021-Dec-09 00:00 20 47 59.74 -18 42 13.3
 2021-Dec-10 00:00 20 48 21.29 -18 40 49.2
 2021-Dec-11 00:00 20 48 43.10 -18 39 24.0
 2021-Dec-12 00:00 20 49 05.17 -18 37 57.7
 2021-Dec-13 00:00 20 49 27.48 -18 36 30.2
 2021-Dec-14 00:00 20 49 50.04 -18 35 01.7
 2021-Dec-15 00:00 20 50 12.84 -18 33 32.0
 2021-Dec-16 00:00 20 50 35.87 -18 32 01.3
 2021-Dec-17 00:00 20 50 59.13 -18 30 29.6
 2021-Dec-18 00:00 20 51 22.62 -18 28 56.7
 2021-Dec-19 00:00 20 51 46.33 -18 27 22.9
 2021-Dec-20 00:00 20 52 10.26 -18 25 48.0
 2021-Dec-21 00:00 20 52 34.39 -18 24 12.2
 2021-Dec-22 00:00 20 52 58.74 -18 22 35.3
 2021-Dec-23 00:00 20 53 23.29 -18 20 57.4
 2021-Dec-24 00:00 20 53 48.04 -18 19 18.6
 2021-Dec-25 00:00 20 54 12.98 -18 17 38.8
 2021-Dec-26 00:00 20 54 38.11 -18 15 58.1
 2021-Dec-27 00:00 20 55 03.43 -18 14 16.5
 2021-Dec-28 00:00 20 55 28.93 -18 12 33.9
 2021-Dec-29 00:00 20 55 54.62 -18 10 50.4
 2021-Dec-30 00:00 20 56 20.47 -18 09 06.1
 2021-Dec-31 00:00 20 56 46.49 -18 07 20.9
 2022-Jan-01 00:00 20 57 12.68 -18 05 34.8
 2022-Jan-02 00:00 20 57 39.02 -18 03 47.9
 2022-Jan-03 00:00 20 58 05.52 -18 02 00.1
 2022-Jan-04 00:00 20 58 32.16 -18 00 11.6
 2022-Jan-05 00:00 20 58 58.95 -17 58 22.3
 2022-Jan-06 00:00 20 59 25.88 -17 56 32.2
 2022-Jan-07 00:00 20 59 52.93 -17 54 41.4
 2022-Jan-08 00:00 21 00 20.11 -17 52 49.8
 2022-Jan-09 00:00 21 00 47.41 -17 50 57.5
 2022-Jan-10 00:00 21 01 14.83 -17 49 04.5
 2022-Jan-11 00:00 21 01 42.36 -17 47 10.9
 2022-Jan-12 00:00 21 02 10.00 -17 45 16.6
 2022-Jan-13 00:00 21 02 37.73 -17 43 21.6
 2022-Jan-14 00:00 21 03 05.57 -17 41 26.1
 2022-Jan-15 00:00 21 03 33.49 -17 39 29.9
 2022-Jan-16 00:00 21 04 01.51 -17 37 33.2
 2022-Jan-17 00:00 21 04 29.61 -17 35 35.9
 2022-Jan-18 00:00 21 04 57.79 -17 33 38.0
 2022-Jan-19 00:00 21 05 26.04 -17 31 39.7
 2022-Jan-20 00:00 21 05 54.36 -17 29 40.8
 2022-Jan-21 00:00 21 06 22.75 -17 27 41.4
 2022-Jan-22 00:00 21 06 51.20 -17 25 41.6
 2022-Jan-23 00:00 21 07 19.70 -17 23 41.3
 2022-Jan-24 00:00 21 07 48.26 -17 21 40.5
 2022-Jan-25 00:00 21 08 16.86 -17 19 39.3
 2022-Jan-26 00:00 21 08 45.51 -17 17 37.8
 2022-Jan-27 00:00 21 09 14.20 -17 15 35.8
 2022-Jan-28 00:00 21 09 42.92 -17 13 33.5
 2022-Jan-29 00:00 21 10 11.68 -17 11 30.8
 2022-Jan-30 00:00 21 10 40.46 -17 09 27.8
 2022-Jan-31 00:00 21 11 09.25 -17 07 24.5
 2022-Feb-01 00:00 21 11 38.07 -17 05 20.9
 2022-Feb-02 00:00 21 12 06.89 -17 03 17.1
 2022-Feb-03 00:00 21 12 35.71 -17 01 13.0
 2022-Feb-04 00:00 21 13 04.54 -16 59 08.7
 2022-Feb-05 00:00 21 13 33.36 -16 57 04.3
 2022-Feb-06 00:00 21 14 02.17 -16 54 59.6
 2022-Feb-07 00:00 21 14 30.96 -16 52 54.9
 2022-Feb-08 00:00 21 14 59.73 -16 50 50.0
 2022-Feb-09 00:00 21 15 28.47 -16 48 45.0
 2022-Feb-10 00:00 21 15 57.19 -16 46 40.0
 2022-Feb-11 00:00 21 16 25.87 -16 44 34.9
 2022-Feb-12 00:00 21 16 54.51 -16 42 29.7
 2022-Feb-13 00:00 21 17 23.11 -16 40 24.6
 2022-Feb-14 00:00 21 17 51.67 -16 38 19.4
 2022-Feb-15 00:00 21 18 20.17 -16 36 14.3
 2022-Feb-16 00:00 21 18 48.62 -16 34 09.3
 2022-Feb-17 00:00 21 19 17.01 -16 32 04.3
 2022-Feb-18 00:00 21 19 45.34 -16 29 59.5
 2022-Feb-19 00:00 21 20 13.60 -16 27 54.7
 2022-Feb-20 00:00 21 20 41.79 -16 25 50.1
 2022-Feb-21 00:00 21 21 09.90 -16 23 45.7
 2022-Feb-22 00:00 21 21 37.94 -16 21 41.5
 2022-Feb-23 00:00 21 22 05.89 -16 19 37.4
 2022-Feb-24 00:00 21 22 33.75 -16 17 33.6
 2022-Feb-25 00:00 21 23 01.52 -16 15 30.0
 2022-Feb-26 00:00 21 23 29.20 -16 13 26.7
 2022-Feb-27 00:00 21 23 56.77 -16 11 23.7
 2022-Feb-28 00:00 21 24 24.24 -16 09 21.0
 2022-Mar-01 00:00 21 24 51.59 -16 07 18.6
 2022-Mar-02 00:00 21 25 18.83 -16 05 16.7
 2022-Mar-03 00:00 21 25 45.95 -16 03 15.1
 2022-Mar-04 00:00 21 26 12.95 -16 01 13.9
 2022-Mar-05 00:00 21 26 39.81 -15 59 13.3
 2022-Mar-06 00:00 21 27 06.54 -15 57 13.0
 2022-Mar-07 00:00 21 27 33.14 -15 55 13.3
 2022-Mar-08 00:00 21 27 59.59 -15 53 14.2
 2022-Mar-09 00:00 21 28 25.89 -15 51 15.5
 2022-Mar-10 00:00 21 28 52.05 -15 49 17.5
 2022-Mar-11 00:00 21 29 18.04 -15 47 20.0
 2022-Mar-12 00:00 21 29 43.88 -15 45 23.2
 2022-Mar-13 00:00 21 30 09.56 -15 43 27.0
 2022-Mar-14 00:00 21 30 35.06 -15 41 31.5
 2022-Mar-15 00:00 21 31 00.40 -15 39 36.7
 2022-Mar-16 00:00 21 31 25.57 -15 37 42.6
 2022-Mar-17 00:00 21 31 50.55 -15 35 49.2
 2022-Mar-18 00:00 21 32 15.36 -15 33 56.6
 2022-Mar-19 00:00 21 32 39.98 -15 32 04.7
 2022-Mar-20 00:00 21 33 04.41 -15 30 13.7
 2022-Mar-21 00:00 21 33 28.66 -15 28 23.5
 2022-Mar-22 00:00 21 33 52.71 -15 26 34.1
 2022-Mar-23 00:00 21 34 16.56 -15 24 45.6
 2022-Mar-24 00:00 21 34 40.20 -15 22 58.0
 2022-Mar-25 00:00 21 35 03.64 -15 21 11.3
 2022-Mar-26 00:00 21 35 26.87 -15 19 25.6
 2022-Mar-27 00:00 21 35 49.88 -15 17 40.8
 2022-Mar-28 00:00 21 36 12.67 -15 15 57.0
 2022-Mar-29 00:00 21 36 35.24 -15 14 14.2
 2022-Mar-30 00:00 21 36 57.58 -15 12 32.4
 2022-Mar-31 00:00 21 37 19.68 -15 10 51.8
 2022-Apr-01 00:00 21 37 41.55 -15 09 12.2
 2022-Apr-02 00:00 21 38 03.18 -15 07 33.7
 2022-Apr-03 00:00 21 38 24.57 -15 05 56.4
 2022-Apr-04 00:00 21 38 45.71 -15 04 20.2
 2022-Apr-05 00:00 21 39 06.59 -15 02 45.2
 2022-Apr-06 00:00 21 39 27.22 -15 01 11.5
 2022-Apr-07 00:00 21 39 47.59 -14 59 39.0
 2022-Apr-08 00:00 21 40 07.70 -14 58 07.7
 2022-Apr-09 00:00 21 40 27.54 -14 56 37.7
 2022-Apr-10 00:00 21 40 47.12 -14 55 09.1
 2022-Apr-11 00:00 21 41 06.42 -14 53 41.7
 2022-Apr-12 00:00 21 41 25.45 -14 52 15.7
 2022-Apr-13 00:00 21 41 44.20 -14 50 51.0
 2022-Apr-14 00:00 21 42 02.66 -14 49 27.8
 2022-Apr-15 00:00 21 42 20.85 -14 48 05.9
 2022-Apr-16 00:00 21 42 38.74 -14 46 45.4
 2022-Apr-17 00:00 21 42 56.35 -14 45 26.4
 2022-Apr-18 00:00 21 43 13.67 -14 44 08.8
 2022-Apr-19 00:00 21 43 30.69 -14 42 52.7
 2022-Apr-20 00:00 21 43 47.41 -14 41 38.1
 2022-Apr-21 00:00 21 44 03.83 -14 40 25.0
 2022-Apr-22 00:00 21 44 19.95 -14 39 13.5
 2022-Apr-23 00:00 21 44 35.75 -14 38 03.4
 2022-Apr-24 00:00 21 44 51.25 -14 36 55.0
 2022-Apr-25 00:00 21 45 06.43 -14 35 48.2
 2022-Apr-26 00:00 21 45 21.29 -14 34 42.9
 2022-Apr-27 00:00 21 45 35.83 -14 33 39.3
 2022-Apr-28 00:00 21 45 50.04 -14 32 37.4
 2022-Apr-29 00:00 21 46 03.93 -14 31 37.2
 2022-Apr-30 00:00 21 46 17.48 -14 30 38.6
 2022-May-01 00:00 21 46 30.70 -14 29 41.7
 2022-May-02 00:00 21 46 43.58 -14 28 46.6
 2022-May-03 00:00 21 46 56.11 -14 27 53.3
 2022-May-04 00:00 21 47 08.31 -14 27 01.7
 2022-May-05 00:00 21 47 20.17 -14 26 11.8
 2022-May-06 00:00 21 47 31.67 -14 25 23.8
 2022-May-07 00:00 21 47 42.83 -14 24 37.6
 2022-May-08 00:00 21 47 53.64 -14 23 53.2
 2022-May-09 00:00 21 48 04.09 -14 23 10.6
 2022-May-10 00:00 21 48 14.19 -14 22 29.8
 2022-May-11 00:00 21 48 23.94 -14 21 51.0
 2022-May-12 00:00 21 48 33.33 -14 21 14.0
 2022-May-13 00:00 21 48 42.35 -14 20 38.8
 2022-May-14 00:00 21 48 51.02 -14 20 05.6
 2022-May-15 00:00 21 48 59.32 -14 19 34.2
 2022-May-16 00:00 21 49 07.26 -14 19 04.7
 2022-May-17 00:00 21 49 14.84 -14 18 37.1
 2022-May-18 00:00 21 49 22.04 -14 18 11.5
 2022-May-19 00:00 21 49 28.88 -14 17 47.7
 2022-May-20 00:00 21 49 35.35 -14 17 25.9
 2022-May-21 00:00 21 49 41.45 -14 17 06.0
 2022-May-22 00:00 21 49 47.17 -14 16 48.1
 2022-May-23 00:00 21 49 52.52 -14 16 32.2
 2022-May-24 00:00 21 49 57.50 -14 16 18.2
 2022-May-25 00:00 21 50 02.09 -14 16 06.1
 2022-May-26 00:00 21 50 06.30 -14 15 56.1
 2022-May-27 00:00 21 50 10.13 -14 15 48.1
 2022-May-28 00:00 21 50 13.58 -14 15 42.0
 2022-May-29 00:00 21 50 16.65 -14 15 37.9
 2022-May-30 00:00 21 50 19.33 -14 15 35.9
 2022-May-31 00:00 21 50 21.63 -14 15 35.8
 2022-Jun-01 00:00 21 50 23.55 -14 15 37.8
 2022-Jun-02 00:00 21 50 25.08 -14 15 41.7
 2022-Jun-03 00:00 21 50 26.22 -14 15 47.6
 2022-Jun-04 00:00 21 50 26.99 -14 15 55.5
 2022-Jun-05 00:00 21 50 27.37 -14 16 05.4
 2022-Jun-06 00:00 21 50 27.37 -14 16 17.3
 2022-Jun-07 00:00 21 50 26.98 -14 16 31.1
 2022-Jun-08 00:00 21 50 26.22 -14 16 47.0
 2022-Jun-09 00:00 21 50 25.08 -14 17 04.7
 2022-Jun-10 00:00 21 50 23.56 -14 17 24.5
 2022-Jun-11 00:00 21 50 21.67 -14 17 46.1
 2022-Jun-12 00:00 21 50 19.40 -14 18 09.7
 2022-Jun-13 00:00 21 50 16.76 -14 18 35.2
 2022-Jun-14 00:00 21 50 13.74 -14 19 02.6
 2022-Jun-15 00:00 21 50 10.35 -14 19 31.9
 2022-Jun-16 00:00 21 50 06.59 -14 20 03.1
 2022-Jun-17 00:00 21 50 02.47 -14 20 36.1
 2022-Jun-18 00:00 21 49 57.97 -14 21 11.0
 2022-Jun-19 00:00 21 49 53.11 -14 21 47.8
 2022-Jun-20 00:00 21 49 47.89 -14 22 26.3
 2022-Jun-21 00:00 21 49 42.30 -14 23 06.7
 2022-Jun-22 00:00 21 49 36.36 -14 23 48.9
 2022-Jun-23 00:00 21 49 30.05 -14 24 32.9
 2022-Jun-24 00:00 21 49 23.39 -14 25 18.7
 2022-Jun-25 00:00 21 49 16.38 -14 26 06.2
 2022-Jun-26 00:00 21 49 09.01 -14 26 55.5
 2022-Jun-27 00:00 21 49 01.30 -14 27 46.4
 2022-Jun-28 00:00 21 48 53.25 -14 28 39.1
 2022-Jun-29 00:00 21 48 44.85 -14 29 33.4
 2022-Jun-30 00:00 21 48 36.12 -14 30 29.4
 2022-Jul-01 00:00 21 48 27.06 -14 31 27.0
 2022-Jul-02 00:00 21 48 17.67 -14 32 26.1
 2022-Jul-03 00:00 21 48 07.95 -14 33 26.9
 2022-Jul-04 00:00 21 47 57.92 -14 34 29.1
 2022-Jul-05 00:00 21 47 47.58 -14 35 32.8
 2022-Jul-06 00:00 21 47 36.92 -14 36 38.0
 2022-Jul-07 00:00 21 47 25.97 -14 37 44.7
 2022-Jul-08 00:00 21 47 14.71 -14 38 52.7
 2022-Jul-09 00:00 21 47 03.17 -14 40 02.0
 2022-Jul-10 00:00 21 46 51.34 -14 41 12.8
 2022-Jul-11 00:00 21 46 39.23 -14 42 24.7
 2022-Jul-12 00:00 21 46 26.84 -14 43 38.0
 2022-Jul-13 00:00 21 46 14.19 -14 44 52.5
 2022-Jul-14 00:00 21 46 01.27 -14 46 08.1
 2022-Jul-15 00:00 21 45 48.09 -14 47 25.0
 2022-Jul-16 00:00 21 45 34.66 -14 48 42.9
 2022-Jul-17 00:00 21 45 20.98 -14 50 01.9
 2022-Jul-18 00:00 21 45 07.05 -14 51 22.0
 2022-Jul-19 00:00 21 44 52.89 -14 52 43.0
 2022-Jul-20 00:00 21 44 38.50 -14 54 05.1
 2022-Jul-21 00:00 21 44 23.89 -14 55 28.1
 2022-Jul-22 00:00 21 44 09.06 -14 56 52.0
 2022-Jul-23 00:00 21 43 54.02 -14 58 16.7
 2022-Jul-24 00:00 21 43 38.78 -14 59 42.2
 2022-Jul-25 00:00 21 43 23.34 -15 01 08.6
 2022-Jul-26 00:00 21 43 07.72 -15 02 35.6
 2022-Jul-27 00:00 21 42 51.92 -15 04 03.4
 2022-Jul-28 00:00 21 42 35.95 -15 05 31.7
 2022-Jul-29 00:00 21 42 19.82 -15 07 00.7
 2022-Jul-30 00:00 21 42 03.53 -15 08 30.2
 2022-Jul-31 00:00 21 41 47.10 -15 10 00.2
 2022-Aug-01 00:00 21 41 30.53 -15 11 30.7
 2022-Aug-02 00:00 21 41 13.83 -15 13 01.6
 2022-Aug-03 00:00 21 40 57.01 -15 14 32.8
 2022-Aug-04 00:00 21 40 40.08 -15 16 04.3
 2022-Aug-05 00:00 21 40 23.05 -15 17 36.1
 2022-Aug-06 00:00 21 40 05.93 -15 19 08.1
 2022-Aug-07 00:00 21 39 48.73 -15 20 40.2
 2022-Aug-08 00:00 21 39 31.45 -15 22 12.5
 2022-Aug-09 00:00 21 39 14.10 -15 23 44.8
 2022-Aug-10 00:00 21 38 56.70 -15 25 17.1
 2022-Aug-11 00:00 21 38 39.25 -15 26 49.4
 2022-Aug-12 00:00 21 38 21.76 -15 28 21.7
 2022-Aug-13 00:00 21 38 04.23 -15 29 53.8
 2022-Aug-14 00:00 21 37 46.68 -15 31 25.8
 2022-Aug-15 00:00 21 37 29.12 -15 32 57.6
 2022-Aug-16 00:00 21 37 11.55 -15 34 29.2
 2022-Aug-17 00:00 21 36 53.98 -15 36 00.5
 2022-Aug-18 00:00 21 36 36.42 -15 37 31.5
 2022-Aug-19 00:00 21 36 18.88 -15 39 02.1
 2022-Aug-20 00:00 21 36 01.37 -15 40 32.2
 2022-Aug-21 00:00 21 35 43.90 -15 42 02.0
 2022-Aug-22 00:00 21 35 26.47 -15 43 31.2
 2022-Aug-23 00:00 21 35 09.10 -15 44 59.9
 2022-Aug-24 00:00 21 34 51.80 -15 46 27.9
 2022-Aug-25 00:00 21 34 34.57 -15 47 55.4
 2022-Aug-26 00:00 21 34 17.43 -15 49 22.1
 2022-Aug-27 00:00 21 34 00.39 -15 50 48.2
 2022-Aug-28 00:00 21 33 43.45 -15 52 13.5
 2022-Aug-29 00:00 21 33 26.62 -15 53 37.9
 2022-Aug-30 00:00 21 33 09.92 -15 55 01.5
 2022-Aug-31 00:00 21 32 53.35 -15 56 24.2
 2022-Sep-01 00:00 21 32 36.92 -15 57 46.0
 2022-Sep-02 00:00 21 32 20.64 -15 59 06.8
 2022-Sep-03 00:00 21 32 04.51 -16 00 26.6
 2022-Sep-04 00:00 21 31 48.56 -16 01 45.3
 2022-Sep-05 00:00 21 31 32.78 -16 03 02.9
 2022-Sep-06 00:00 21 31 17.18 -16 04 19.4
 2022-Sep-07 00:00 21 31 01.78 -16 05 34.7
 2022-Sep-08 00:00 21 30 46.57 -16 06 48.8
 2022-Sep-09 00:00 21 30 31.57 -16 08 01.8
 2022-Sep-10 00:00 21 30 16.78 -16 09 13.4
 2022-Sep-11 00:00 21 30 02.22 -16 10 23.8
 2022-Sep-12 00:00 21 29 47.88 -16 11 32.8
 2022-Sep-13 00:00 21 29 33.77 -16 12 40.6
 2022-Sep-14 00:00 21 29 19.91 -16 13 46.9
 2022-Sep-15 00:00 21 29 06.29 -16 14 51.9
 2022-Sep-16 00:00 21 28 52.94 -16 15 55.5
 2022-Sep-17 00:00 21 28 39.84 -16 16 57.6
 2022-Sep-18 00:00 21 28 27.01 -16 17 58.2
 2022-Sep-19 00:00 21 28 14.46 -16 18 57.3
 2022-Sep-20 00:00 21 28 02.19 -16 19 54.9
 2022-Sep-21 00:00 21 27 50.21 -16 20 51.0
 2022-Sep-22 00:00 21 27 38.53 -16 21 45.4
 2022-Sep-23 00:00 21 27 27.14 -16 22 38.3
 2022-Sep-24 00:00 21 27 16.07 -16 23 29.5
 2022-Sep-25 00:00 21 27 05.32 -16 24 19.1
 2022-Sep-26 00:00 21 26 54.89 -16 25 07.0
 2022-Sep-27 00:00 21 26 44.78 -16 25 53.2
 2022-Sep-28 00:00 21 26 35.01 -16 26 37.6
 2022-Sep-29 00:00 21 26 25.57 -16 27 20.4
 2022-Sep-30 00:00 21 26 16.48 -16 28 01.4
 2022-Oct-01 00:00 21 26 07.74 -16 28 40.6
 2022-Oct-02 00:00 21 25 59.35 -16 29 18.0
 2022-Oct-03 00:00 21 25 51.32 -16 29 53.6
 2022-Oct-04 00:00 21 25 43.64 -16 30 27.5
 2022-Oct-05 00:00 21 25 36.33 -16 30 59.4
 2022-Oct-06 00:00 21 25 29.38 -16 31 29.6
 2022-Oct-07 00:00 21 25 22.81 -16 31 57.9
 2022-Oct-08 00:00 21 25 16.60 -16 32 24.4
 2022-Oct-09 00:00 21 25 10.77 -16 32 49.0
 2022-Oct-10 00:00 21 25 05.32 -16 33 11.7
 2022-Oct-11 00:00 21 25 00.25 -16 33 32.5
 2022-Oct-12 00:00 21 24 55.56 -16 33 51.5
 2022-Oct-13 00:00 21 24 51.26 -16 34 08.6
 2022-Oct-14 00:00 21 24 47.35 -16 34 23.8
 2022-Oct-15 00:00 21 24 43.83 -16 34 37.1
 2022-Oct-16 00:00 21 24 40.70 -16 34 48.5
 2022-Oct-17 00:00 21 24 37.96 -16 34 58.0
 2022-Oct-18 00:00 21 24 35.63 -16 35 05.6
 2022-Oct-19 00:00 21 24 33.69 -16 35 11.3
 2022-Oct-20 00:00 21 24 32.15 -16 35 15.0
 2022-Oct-21 00:00 21 24 31.01 -16 35 16.8
 2022-Oct-22 00:00 21 24 30.28 -16 35 16.7
 2022-Oct-23 00:00 21 24 29.96 -16 35 14.6
 2022-Oct-24 00:00 21 24 30.04 -16 35 10.6
 2022-Oct-25 00:00 21 24 30.52 -16 35 04.6
 2022-Oct-26 00:00 21 24 31.42 -16 34 56.7
 2022-Oct-27 00:00 21 24 32.73 -16 34 46.8
 2022-Oct-28 00:00 21 24 34.44 -16 34 35.0
 2022-Oct-29 00:00 21 24 36.57 -16 34 21.3
 2022-Oct-30 00:00 21 24 39.10 -16 34 05.6
 2022-Oct-31 00:00 21 24 42.05 -16 33 48.0
 2022-Nov-01 00:00 21 24 45.40 -16 33 28.4
 2022-Nov-02 00:00 21 24 49.15 -16 33 06.9
 2022-Nov-03 00:00 21 24 53.31 -16 32 43.5
 2022-Nov-04 00:00 21 24 57.88 -16 32 18.2
 2022-Nov-05 00:00 21 25 02.85 -16 31 51.0
 2022-Nov-06 00:00 21 25 08.21 -16 31 21.9
 2022-Nov-07 00:00 21 25 13.98 -16 30 50.9
 2022-Nov-08 00:00 21 25 20.14 -16 30 18.1
 2022-Nov-09 00:00 21 25 26.70 -16 29 43.3
 2022-Nov-10 00:00 21 25 33.65 -16 29 06.7
 2022-Nov-11 00:00 21 25 40.99 -16 28 28.3
 2022-Nov-12 00:00 21 25 48.73 -16 27 47.9
 2022-Nov-13 00:00 21 25 56.86 -16 27 05.8
 2022-Nov-14 00:00 21 26 05.37 -16 26 21.8
 2022-Nov-15 00:00 21 26 14.27 -16 25 36.0
 2022-Nov-16 00:00 21 26 23.56 -16 24 48.3
 2022-Nov-17 00:00 21 26 33.23 -16 23 58.9
 2022-Nov-18 00:00 21 26 43.28 -16 23 07.6
 2022-Nov-19 00:00 21 26 53.71 -16 22 14.6
 2022-Nov-20 00:00 21 27 04.51 -16 21 19.8
 2022-Nov-21 00:00 21 27 15.69 -16 20 23.1
 2022-Nov-22 00:00 21 27 27.24 -16 19 24.8
 2022-Nov-23 00:00 21 27 39.16 -16 18 24.6
 2022-Nov-24 00:00 21 27 51.44 -16 17 22.7
 2022-Nov-25 00:00 21 28 04.09 -16 16 19.1
 2022-Nov-26 00:00 21 28 17.10 -16 15 13.7
 2022-Nov-27 00:00 21 28 30.46 -16 14 06.6
 2022-Nov-28 00:00 21 28 44.18 -16 12 57.8
 2022-Nov-29 00:00 21 28 58.25 -16 11 47.3
 2022-Nov-30 00:00 21 29 12.66 -16 10 35.2
 2022-Dec-01 00:00 21 29 27.41 -16 09 21.4
 2022-Dec-02 00:00 21 29 42.50 -16 08 06.0
 2022-Dec-03 00:00 21 29 57.92 -16 06 48.9
 2022-Dec-04 00:00 21 30 13.67 -16 05 30.3
 2022-Dec-05 00:00 21 30 29.75 -16 04 10.1
 2022-Dec-06 00:00 21 30 46.14 -16 02 48.3
 2022-Dec-07 00:00 21 31 02.86 -16 01 24.9
 2022-Dec-08 00:00 21 31 19.88 -16 00 00.0
 2022-Dec-09 00:00 21 31 37.22 -15 58 33.6
 2022-Dec-10 00:00 21 31 54.86 -15 57 05.6
 2022-Dec-11 00:00 21 32 12.80 -15 55 36.2
 2022-Dec-12 00:00 21 32 31.05 -15 54 05.2
 2022-Dec-13 00:00 21 32 49.58 -15 52 32.8
 2022-Dec-14 00:00 21 33 08.41 -15 50 59.0
 2022-Dec-15 00:00 21 33 27.53 -15 49 23.7
 2022-Dec-16 00:00 21 33 46.93 -15 47 46.9
 2022-Dec-17 00:00 21 34 06.61 -15 46 08.8
 2022-Dec-18 00:00 21 34 26.57 -15 44 29.3
 2022-Dec-19 00:00 21 34 46.80 -15 42 48.4
 2022-Dec-20 00:00 21 35 07.30 -15 41 06.1
 2022-Dec-21 00:00 21 35 28.06 -15 39 22.4
 2022-Dec-22 00:00 21 35 49.08 -15 37 37.5
 2022-Dec-23 00:00 21 36 10.36 -15 35 51.2
 2022-Dec-24 00:00 21 36 31.88 -15 34 03.6
 2022-Dec-25 00:00 21 36 53.65 -15 32 14.7
 2022-Dec-26 00:00 21 37 15.66 -15 30 24.6
 2022-Dec-27 00:00 21 37 37.91 -15 28 33.2
 2022-Dec-28 00:00 21 38 00.38 -15 26 40.7
 2022-Dec-29 00:00 21 38 23.08 -15 24 46.9
 2022-Dec-30 00:00 21 38 46.01 -15 22 51.9
 2022-Dec-31 00:00 21 39 09.14 -15 20 55.8
 2023-Jan-01 00:00 21 39 32.49 -15 18 58.6
 2023-Jan-02 00:00 21 39 56.05 -15 17 00.3
 2023-Jan-03 00:00 21 40 19.80 -15 15 00.8
 2023-Jan-04 00:00 21 40 43.75 -15 13 00.3
 2023-Jan-05 00:00 21 41 07.90 -15 10 58.8
 2023-Jan-06 00:00 21 41 32.23 -15 08 56.2
 2023-Jan-07 00:00 21 41 56.75 -15 06 52.6
 2023-Jan-08 00:00 21 42 21.44 -15 04 48.0
 2023-Jan-09 00:00 21 42 46.31 -15 02 42.5
 2023-Jan-10 00:00 21 43 11.35 -15 00 36.0
 2023-Jan-11 00:00 21 43 36.55 -14 58 28.5
 2023-Jan-12 00:00 21 44 01.91 -14 56 20.1
 2023-Jan-13 00:00 21 44 27.44 -14 54 10.9
 2023-Jan-14 00:00 21 44 53.11 -14 52 00.7
 2023-Jan-15 00:00 21 45 18.94 -14 49 49.7
 2023-Jan-16 00:00 21 45 44.91 -14 47 37.8
 2023-Jan-17 00:00 21 46 11.02 -14 45 25.1
 2023-Jan-18 00:00 21 46 37.27 -14 43 11.7
 2023-Jan-19 00:00 21 47 03.65 -14 40 57.4
 2023-Jan-20 00:00 21 47 30.15 -14 38 42.4
 2023-Jan-21 00:00 21 47 56.77 -14 36 26.6
 2023-Jan-22 00:00 21 48 23.52 -14 34 10.1
 2023-Jan-23 00:00 21 48 50.37 -14 31 53.0
 2023-Jan-24 00:00 21 49 17.33 -14 29 35.2
 2023-Jan-25 00:00 21 49 44.38 -14 27 16.7
 2023-Jan-26 00:00 21 50 11.54 -14 24 57.6
 2023-Jan-27 00:00 21 50 38.78 -14 22 38.0
 2023-Jan-28 00:00 21 51 06.11 -14 20 17.7
 2023-Jan-29 00:00 21 51 33.51 -14 17 57.0
 2023-Jan-30 00:00 21 52 01.00 -14 15 35.7
 2023-Jan-31 00:00 21 52 28.56 -14 13 13.9
 2023-Feb-01 00:00 21 52 56.18 -14 10 51.7
 2023-Feb-02 00:00 21 53 23.87 -14 08 29.0
 2023-Feb-03 00:00 21 53 51.61 -14 06 05.9
 2023-Feb-04 00:00 21 54 19.41 -14 03 42.4
 2023-Feb-05 00:00 21 54 47.26 -14 01 18.5
 2023-Feb-06 00:00 21 55 15.15 -13 58 54.3
 2023-Feb-07 00:00 21 55 43.09 -13 56 29.7
 2023-Feb-08 00:00 21 56 11.06 -13 54 04.9
 2023-Feb-09 00:00 21 56 39.06 -13 51 39.7
 2023-Feb-10 00:00 21 57 07.10 -13 49 14.2
 2023-Feb-11 00:00 21 57 35.15 -13 46 48.6
 2023-Feb-12 00:00 21 58 03.23 -13 44 22.7
 2023-Feb-13 00:00 21 58 31.32 -13 41 56.5
 2023-Feb-14 00:00 21 58 59.43 -13 39 30.2
 2023-Feb-15 00:00 21 59 27.54 -13 37 03.8
 2023-Feb-16 00:00 21 59 55.66 -13 34 37.2
 2023-Feb-17 00:00 22 00 23.77 -13 32 10.5
 2023-Feb-18 00:00 22 00 51.88 -13 29 43.7
 2023-Feb-19 00:00 22 01 19.98 -13 27 16.9
 2023-Feb-20 00:00 22 01 48.07 -13 24 50.0
 2023-Feb-21 00:00 22 02 16.13 -13 22 23.2
 2023-Feb-22 00:00 22 02 44.17 -13 19 56.4
 2023-Feb-23 00:00 22 03 12.17 -13 17 29.6
 2023-Feb-24 00:00 22 03 40.15 -13 15 02.9
 2023-Feb-25 00:00 22 04 08.08 -13 12 36.3
 2023-Feb-26 00:00 22 04 35.96 -13 10 09.9
 2023-Feb-27 00:00 22 05 03.80 -13 07 43.6
 2023-Feb-28 00:00 22 05 31.59 -13 05 17.5
 2023-Mar-01 00:00 22 05 59.31 -13 02 51.7
 2023-Mar-02 00:00 22 06 26.98 -13 00 26.0
 2023-Mar-03 00:00 22 06 54.58 -12 58 00.7
 2023-Mar-04 00:00 22 07 22.11 -12 55 35.6
 2023-Mar-05 00:00 22 07 49.57 -12 53 10.8
 2023-Mar-06 00:00 22 08 16.96 -12 50 46.4
 2023-Mar-07 00:00 22 08 44.26 -12 48 22.3
 2023-Mar-08 00:00 22 09 11.48 -12 45 58.6
 2023-Mar-09 00:00 22 09 38.61 -12 43 35.3
 2023-Mar-10 00:00 22 10 05.65 -12 41 12.4
 2023-Mar-11 00:00 22 10 32.60 -12 38 50.0
 2023-Mar-12 00:00 22 10 59.44 -12 36 28.0
 2023-Mar-13 00:00 22 11 26.18 -12 34 06.6
 2023-Mar-14 00:00 22 11 52.81 -12 31 45.6
 2023-Mar-15 00:00 22 12 19.33 -12 29 25.2
 2023-Mar-16 00:00 22 12 45.74 -12 27 05.4
 2023-Mar-17 00:00 22 13 12.03 -12 24 46.2
 2023-Mar-18 00:00 22 13 38.19 -12 22 27.6
 2023-Mar-19 00:00 22 14 04.22 -12 20 09.6
 2023-Mar-20 00:00 22 14 30.12 -12 17 52.4
 2023-Mar-21 00:00 22 14 55.88 -12 15 35.8
 2023-Mar-22 00:00 22 15 21.50 -12 13 20.0
 2023-Mar-23 00:00 22 15 46.98 -12 11 04.9
 2023-Mar-24 00:00 22 16 12.30 -12 08 50.7
 2023-Mar-25 00:00 22 16 37.47 -12 06 37.3
 2023-Mar-26 00:00 22 17 02.48 -12 04 24.7
 2023-Mar-27 00:00 22 17 27.32 -12 02 13.0
 2023-Mar-28 00:00 22 17 52.00 -12 00 02.2
 2023-Mar-29 00:00 22 18 16.51 -11 57 52.3
 2023-Mar-30 00:00 22 18 40.84 -11 55 43.4
 2023-Mar-31 00:00 22 19 05.00 -11 53 35.4
 2023-Apr-01 00:00 22 19 28.97 -11 51 28.4
 2023-Apr-02 00:00 22 19 52.76 -11 49 22.5
 2023-Apr-03 00:00 22 20 16.36 -11 47 17.6
 2023-Apr-04 00:00 22 20 39.77 -11 45 13.8
 2023-Apr-05 00:00 22 21 02.99 -11 43 11.0
 2023-Apr-06 00:00 22 21 26.00 -11 41 09.4
 2023-Apr-07 00:00 22 21 48.82 -11 39 08.9
 2023-Apr-08 00:00 22 22 11.43 -11 37 09.5
 2023-Apr-09 00:00 22 22 33.83 -11 35 11.3
 2023-Apr-10 00:00 22 22 56.02 -11 33 14.4
 2023-Apr-11 00:00 22 23 18.00 -11 31 18.6
 2023-Apr-12 00:00 22 23 39.75 -11 29 24.1
 2023-Apr-13 00:00 22 24 01.29 -11 27 30.9
 2023-Apr-14 00:00 22 24 22.59 -11 25 38.9
 2023-Apr-15 00:00 22 24 43.66 -11 23 48.3
 2023-Apr-16 00:00 22 25 04.50 -11 21 59.0
 2023-Apr-17 00:00 22 25 25.10 -11 20 11.2
 2023-Apr-18 00:00 22 25 45.46 -11 18 24.7
 2023-Apr-19 00:00 22 26 05.57 -11 16 39.6
 2023-Apr-20 00:00 22 26 25.42 -11 14 56.0
 2023-Apr-21 00:00 22 26 45.03 -11 13 13.9
 2023-Apr-22 00:00 22 27 04.37 -11 11 33.2
 2023-Apr-23 00:00 22 27 23.46 -11 09 54.2
 2023-Apr-24 00:00 22 27 42.28 -11 08 16.6
 2023-Apr-25 00:00 22 28 00.83 -11 06 40.7
 2023-Apr-26 00:00 22 28 19.11 -11 05 06.3
 2023-Apr-27 00:00 22 28 37.12 -11 03 33.5
 2023-Apr-28 00:00 22 28 54.84 -11 02 02.4
 2023-Apr-29 00:00 22 29 12.29 -11 00 33.0
 2023-Apr-30 00:00 22 29 29.46 -10 59 05.2
 2023-May-01 00:00 22 29 46.33 -10 57 39.1
 2023-May-02 00:00 22 30 02.92 -10 56 14.7
 2023-May-03 00:00 22 30 19.22 -10 54 52.1
 2023-May-04 00:00 22 30 35.22 -10 53 31.1
 2023-May-05 00:00 22 30 50.93 -10 52 12.0
 2023-May-06 00:00 22 31 06.34 -10 50 54.6
 2023-May-07 00:00 22 31 21.44 -10 49 39.0
 2023-May-08 00:00 22 31 36.24 -10 48 25.3
 2023-May-09 00:00 22 31 50.74 -10 47 13.4
 2023-May-10 00:00 22 32 04.92 -10 46 03.3
 2023-May-11 00:00 22 32 18.79 -10 44 55.1
 2023-May-12 00:00 22 32 32.34 -10 43 48.8
 2023-May-13 00:00 22 32 45.58 -10 42 44.4
 2023-May-14 00:00 22 32 58.49 -10 41 41.9
 2023-May-15 00:00 22 33 11.07 -10 40 41.4
 2023-May-16 00:00 22 33 23.32 -10 39 42.8
 2023-May-17 00:00 22 33 35.24 -10 38 46.3
 2023-May-18 00:00 22 33 46.83 -10 37 51.7