*semi-major-axis 5.2038 float
*start-date 2018-08-01 string
 2018-Aug-01 00:00 14 46 25.17 -15 02 34.8
 2018-Aug-02 00:00 14 46 39.97 -15 03 57.2
 2018-Aug-03 00:00 14 46 55.42 -15 05 22.4
 2018-Aug-04 00:00 14 47 11.52 -15 06 50.3
 2018-Aug-05 00:00 14 47 28.26 -15 08 21.0
 2018-Aug-06 00:00 14 47 45.65 -15 09 54.4
 2018-Aug-07 00:00 14 48 03.68 -15 11 30.4
 2018-Aug-08 00:00 14 48 22.34 -15 13 09.1
 2018-Aug-09 00:00 14 48 41.64 -15 14 50.4
 2018-Aug-10 00:00 14 49 01.56 -15 16 34.3
 2018-Aug-11 00:00 14 49 22.10 -15 18 20.7
 2018-Aug-12 00:00 14 49 43.26 -15 20 09.6
 2018-Aug-13 00:00 14 50 05.04 -15 22 00.9
 2018-Aug-14 00:00 14 50 27.42 -15 23 54.8
 2018-Aug-15 00:00 14 50 50.40 -15 25 51.0
 2018-Aug-16 00:00 14 51 13.99 -15 27 49.5
 2018-Aug-17 00:00 14 51 38.15 -15 29 50.4
 2018-Aug-18 00:00 14 52 02.91 -15 31 53.5
 2018-Aug-19 00:00 14 52 28.24 -15 33 58.8
 2018-Aug-20 00:00 14 52 54.13 -15 36 06.3
 2018-Aug-21 00:00 14 53 20.60 -15 38 16.0
 2018-Aug-22 00:00 14 53 47.63 -15 40 27.7
 2018-Aug-23 00:00 14 54 15.20 -15 42 41.5
 2018-Aug-24 00:00 14 54 43.33 -15 44 57.3
 2018-Aug-25 00:00 14 55 12.00 -15 47 15.0
 2018-Aug-26 00:00 14 55 41.20 -15 49 34.7
 2018-Aug-27 00:00 14 56 10.93 -15 51 56.2
 2018-Aug-28 00:00 14 56 41.19 -15 54 19.5
 2018-Aug-29 00:00 14 57 11.97 -15 56 44.7
 2018-Aug-30 00:00 14 57 43.27 -15 59 11.6
 2018-Aug-31 00:00 14 58 15.07 -16 01 40.2
 2018-Sep-01 00:00 14 58 47.39 -16 04 10.5
 2018-Sep-02 00:00 14 59 20.20 -16 06 42.4
 2018-Sep-03 00:00 14 59 53.51 -16 09 15.9
 2018-Sep-04 00:00 15 00 27.31 -16 11 51.0
 2018-Sep-05 00:00 15 01 01.61 -16 14 27.6
 2018-Sep-06 00:00 15 01 36.38 -16 17 05.8
 2018-Sep-07 00:00 15 02 11.64 -16 19 45.3
 2018-Sep-08 00:00 15 02 47.36 -16 22 26.3
 2018-Sep-09 00:00 15 03 23.56 -16 25 08.6
 2018-Sep-10 00:00 15 04 00.21 -16 27 52.2
 2018-Sep-11 00:00 15 04 37.33 -16 30 37.2
 2018-Sep-12 00:00 15 05 14.89 -16 33 23.4
 2018-Sep-13 00:00 15 05 52.89 -16 36 10.8
 2018-Sep-14 00:00 15 06 31.34 -16 38 59.3
 2018-Sep-15 00:00 15 07 10.21 -16 41 49.0
 2018-Sep-16 00:00 15 07 49.51 -16 44 39.7
 2018-Sep-17 00:00 15 08 29.22 -16 47 31.4
 2018-Sep-18 00:00 15 09 09.35 -16 50 24.1
 2018-Sep-19 00:00 15 09 49.89 -16 53 17.7
 2018-Sep-20 00:00 15 10 30.83 -16 56 12.2
 2018-Sep-21 00:00 15 11 12.16 -16 59 07.6
 2018-Sep-22 00:00 15 11 53.88 -17 02 03.8
 2018-Sep-23 00:00 15 12 35.99 -17 05 00.8
 2018-Sep-24 00:00 15 13 18.48 -17 07 58.4
 2018-Sep-25 00:00 15 14 01.34 -17 10 56.8
 2018-Sep-26 00:00 15 14 44.57 -17 13 55.8
 2018-Sep-27 00:00 15 15 28.17 -17 16 55.5
 2018-Sep-28 00:00 15 16 12.12 -17 19 55.7
 2018-Sep-29 00:00 15 16 56.43 -17 22 56.4
 2018-Sep-30 00:00 15 17 41.10 -17 25 57.7
 2018-Oct-01 00:00 15 18 26.10 -17 28 59.4
 2018-Oct-02 00:00 15 19 11.45 -17 32 01.5
 2018-Oct-03 00:00 15 19 57.14 -17 35 04.1
 2018-Oct-04 00:00 15 20 43.17 -17 38 07.1
 2018-Oct-05 00:00 15 21 29.52 -17 41 10.3
 2018-Oct-06 00:00 15 22 16.19 -17 44 13.9
 2018-Oct-07 00:00 15 23 03.19 -17 47 17.7
 2018-Oct-08 00:00 15 23 50.49 -17 50 21.8
 2018-Oct-09 00:00 15 24 38.10 -17 53 26.1
 2018-Oct-10 00:00 15 25 26.02 -17 56 30.5
 2018-Oct-11 00:00 15 26 14.23 -17 59 35.0
 2018-Oct-12 00:00 15 27 02.73 -18 02 39.6
 2018-Oct-13 00:00 15 27 51.51 -18 05 44.2
 2018-Oct-14 00:00 15 28 40.57 -18 08 48.9
 2018-Oct-15 00:00 15 29 29.90 -18 11 53.5
 2018-Oct-16 00:00 15 30 19.50 -18 14 58.0
 2018-Oct-17 00:00 15 31 09.35 -18 18 02.4
 2018-Oct-18 00:00 15 31 59.46 -18 21 06.6
 2018-Oct-19 00:00 15 32 49.82 -18 24 10.7
 2018-Oct-20 00:00 15 33 40.43 -18 27 14.6
 2018-Oct-21 00:00 15 34 31.27 -18 30 18.2
 2018-Oct-22 00:00 15 35 22.34 -18 33 21.5
 2018-Oct-23 00:00 15 36 13.64 -18 36 24.5
 2018-Oct-24 00:00 15 37 05.17 -18 39 27.2
 2018-Oct-25 00:00 15 37 56.91 -18 42 29.5
 2018-Oct-26 00:00 15 38 48.87 -18 45 31.3
 2018-Oct-27 00:00 15 39 41.05 -18 48 32.8
 2018-Oct-28 00:00 15 40 33.42 -18 51 33.8
 2018-Oct-29 00:00 15 41 26.00 -18 54 34.3
 2018-Oct-30 00:00 15 42 18.77 -18 57 34.3
 2018-Oct-31 00:00 15 43 11.74 -19 00 33.8
 2018-Nov-01 00:00 15 44 04.90 -19 03 32.7
 2018-Nov-02 00:00 15 44 58.23 -19 06 31.0
 2018-Nov-03 00:00 15 45 51.75 -19 09 28.7
 2018-Nov-04 00:00 15 46 45.44 -19 12 25.7
 2018-Nov-05 00:00 15 47 39.29 -19 15 22.1
 2018-Nov-06 00:00 15 48 33.30 -19 18 17.8
 2018-Nov-07 00:00 15 49 27.47 -19 21 12.7
 2018-Nov-08 00:00 15 50 21.79 -19 24 06.9
 2018-Nov-09 00:00 15 51 16.25 -19 27 00.3
 2018-Nov-10 00:00 15 52 10.85 -19 29 52.9
 2018-Nov-11 00:00 15 53 05.57 -19 32 44.6
 2018-Nov-12 00:00 15 54 00.43 -19 35 35.5
 2018-Nov-13 00:00 15 54 55.39 -19 38 25.4
 2018-Nov-14 00:00 15 55 50.48 -19 41 14.5
 2018-Nov-15 00:00 15 56 45.66 -19 44 02.6
 2018-Nov-16 00:00 15 57 40.95 -19 46 49.7
 2018-Nov-17 00:00 15 58 36.34 -19 49 35.8
 2018-Nov-18 00:00 15 59 31.81 -19 52 20.8
 2018-Nov-19 00:00 16 00 27.37 -19 55 04.9
 2018-Nov-20 00:00 16 01 23.01 -19 57 47.8
 2018-Nov-21 00:00 16 02 18.72 -20 00 29.7
 2018-Nov-22 00:00 16 03 14.50 -20 03 10.5
 2018-Nov-23 00:00 16 04 10.34 -20 05 50.1
 2018-Nov-24 00:00 16 05 06.24 -20 08 28.6
 2018-Nov-25 00:00 16 06 02.20 -20 11 06.0
 2018-Nov-26 00:00 16 06 58.21 -20 13 42.1
 2018-Nov-27 00:00 16 07 54.26 -20 16 17.1
 2018-Nov-28 00:00 16 08 50.35 -20 18 50.9
 2018-Nov-29 00:00 16 09 46.47 -20 21 23.4
 2018-Nov-30 00:00 16 10 42.63 -20 23 54.8
 2018-Dec-01 00:00 16 11 38.81 -20 26 24.8
 2018-Dec-02 00:00 16 12 35.00 -20 28 53.6
 2018-Dec-03 00:00 16 13 31.21 -20 31 21.1
 2018-Dec-04 00:00 16 14 27.42 -20 33 47.4
 2018-Dec-05 00:00 16 15 23.63 -20 36 12.2
 2018-Dec-06 00:00 16 16 19.82 -20 38 35.8
 2018-Dec-07 00:00 16 17 16.01 -20 40 58.0
 2018-Dec-08 00:00 16 18 12.17 -20 43 18.8
 2018-Dec-09 00:00 16 19 08.30 -20 45 38.3
 2018-Dec-10 00:00 16 20 04.40 -20 47 56.3
 2018-Dec-11 00:00 16 21 00.45 -20 50 12.9
 2018-Dec-12 00:00 16 21 56.45 -20 52 28.1
 2018-Dec-13 00:00 16 22 52.40 -20 54 41.9
 2018-Dec-14 00:00 16 23 48.28 -20 56 54.2
 2018-Dec-15 00:00 16 24 44.10 -20 59 05.0
 2018-Dec-16 00:00 16 25 39.85 -21 01 14.4
 2018-Dec-17 00:00 16 26 35.51 -21 03 22.3
 2018-Dec-18 00:00 16 27 31.09 -21 05 28.7
 2018-Dec-19 00:00 16 28 26.57 -21 07 33.6
 2018-Dec-20 00:00 16 29 21.96 -21 09 37.0
 2018-Dec-21 00:00 16 30 17.24 -21 11 38.9
 2018-Dec-22 00:00 16 31 12.41 -21 13 39.2
 2018-Dec-23 00:00 16 32 07.47 -21 15 38.1
 2018-Dec-24 00:00 16 33 02.41 -21 17 35.4
 2018-Dec-25 00:00 16 33 57.22 -21 19 31.2
 2018-Dec-26 00:00 16 34 51.89 -21 21 25.5
 2018-Dec-27 00:00 16 35 46.43 -21 23 18.2
 2018-Dec-28 00:00 16 36 40.83 -21 25 09.4
 2018-Dec-29 00:00 16 37 35.07 -21 26 59.1
 2018-Dec-30 00:00 16 38 29.16 -21 28 47.2
 2018-Dec-31 00:00 16 39 23.08 -21 30 33.8
 2019-Jan-01 00:00 16 40 16.83 -21 32 18.9
 2019-Jan-02 00:00 16 41 10.39 -21 34 02.4
 2019-Jan-03 00:00 16 42 03.77 -21 35 44.4
 2019-Jan-04 00:00 16 42 56.96 -21 37 24.8
 2019-Jan-05 00:00 16 43 49.94 -21 39 03.7
 2019-Jan-06 00:00 16 44 42.72 -21 40 41.0
 2019-Jan-07 00:00 16 45 35.27 -21 42 16.7
 2019-Jan-08 00:00 16 46 27.60 -21 43 50.9
 2019-Jan-09 00:00 16 47 19.69 -21 45 23.5
 2019-Jan-10 00:00 16 48 11.54 -21 46 54.6
 2019-Jan-11 00:00 16 49 03.15 -21 48 24.1
 2019-Jan-12 00:00 16 49 54.50 -21 49 52.1
 2019-Jan-13 00:00 16 50 45.59 -21 51 18.5
 2019-Jan-14 00:00 16 51 36.41 -21 52 43.4
 2019-Jan-15 00:00 16 52 26.95 -21 54 06.7
 2019-Jan-16 00:00 16 53 17.21 -21 55 28.5
 2019-Jan-17 00:00 16 54 07.18 -21 56 48.8
 2019-Jan-18 00:00 16 54 56.86 -21 58 07.6
 2019-Jan-19 00:00 16 55 46.23 -21 59 24.9
 2019-Jan-20 00:00 16 56 35.30 -22 00 40.6
 2019-Jan-21 00:00 16 57 24.05 -22 01 54.9
 2019-Jan-22 00:00 16 58 12.48 -22 03 07.7
 2019-Jan-23 00:00 16 59 00.58 -22 04 19.1
 2019-Jan-24 00:00 16 59 48.35 -22 05 28.9
 2019-Jan-25 00:00 17 00 35.78 -22 06 37.4
 2019-Jan-26 00:00 17 01 22.85 -22 07 44.4
 2019-Jan-27 00:00 17 02 09.57 -22 08 50.0
 2019-Jan-28 00:00 17 02 55.92 -22 09 54.1
 2019-Jan-29 00:00 17 03 41.90 -22 10 56.9
 2019-Jan-30 00:00 17 04 27.50 -22 11 58.2
 2019-Jan-31 00:00 17 05 12.70 -22 12 58.2
 2019-Feb-01 00:00 17 05 57.51 -22 13 56.8
 2019-Feb-02 00:00 17 06 41.91 -22 14 54.0
 2019-Feb-03 00:00 17 07 25.89 -22 15 49.9
 2019-Feb-04 00:00 17 08 09.45 -22 16 44.4
 2019-Feb-05 00:00 17 08 52.58 -22 17 37.6
 2019-Feb-06 00:00 17 09 35.27 -22 18 29.5
 2019-Feb-07 00:00 17 10 17.51 -22 19 20.1
 2019-Feb-08 00:00 17 10 59.29 -22 20 09.3
 2019-Feb-09 00:00 17 11 40.61 -22 20 57.3
 2019-Feb-10 00:00 17 12 21.46 -22 21 44.0
 2019-Feb-11 00:00 17 13 01.83 -22 22 29.5
 2019-Feb-12 00:00 17 13 41.71 -22 23 13.7
 2019-Feb-13 00:00 17 14 21.10 -22 23 56.8
 2019-Feb-14 00:00 17 14 59.98 -22 24 38.6
 2019-Feb-15 00:00 17 15 38.36 -22 25 19.2
 2019-Feb-16 00:00 17 16 16.23 -22 25 58.7
 2019-Feb-17 00:00 17 16 53.57 -22 26 37.0
 2019-Feb-18 00:00 17 17 30.39 -22 27 14.2
 2019-Feb-19 00:00 17 18 06.67 -22 27 50.2
 2019-Feb-20 00:00 17 18 42.41 -22 28 25.2
 2019-Feb-21 00:00 17 19 17.60 -22 28 59.1
 2019-Feb-22 00:00 17 19 52.24 -22 29 32.0
 2019-Feb-23 00:00 17 20 26.31 -22 30 03.8
 2019-Feb-24 00:00 17 20 59.81 -22 30 34.6
 2019-Feb-25 00:00 17 21 32.74 -22 31 04.4
 2019-Feb-26 00:00 17 22 05.07 -22 31 33.2
 2019-Feb-27 00:00 17 22 36.81 -22 32 01.0
 2019-Feb-28 00:00 17 23 07.94 -22 32 27.9
 2019-Mar-01 00:00 17 23 38.45 -22 32 53.8
 2019-Mar-02 00:00 17 24 08.35 -22 33 18.8
 2019-Mar-03 00:00 17 24 37.61 -22 33 42.9
 2019-Mar-04 00:00 17 25 06.24 -22 34 06.1
 2019-Mar-05 00:00 17 25 34.23 -22 34 28.4
 2019-Mar-06 00:00 17 26 01.55 -22 34 49.8
 2019-Mar-07 00:00 17 26 28.22 -22 35 10.4
 2019-Mar-08 00:00 17 26 54.22 -22 35 30.2
 2019-Mar-09 00:00 17 27 19.55 -22 35 49.2
 2019-Mar-10 00:00 17 27 44.19 -22 36 07.3
 2019-Mar-11 00:00 17 28 08.15 -22 36 24.7
 2019-Mar-12 00:00 17 28 31.41 -22 36 41.3
 2019-Mar-13 00:00 17 28 53.98 -22 36 57.2
 2019-Mar-14 00:00 17 29 15.83 -22 37 12.3
 2019-Mar-15 00:00 17 29 36.98 -22 37 26.7
 2019-Mar-16 00:00 17 29 57.41 -22 37 40.4
 2019-Mar-17 00:00 17 30 17.11 -22 37 53.4
 2019-Mar-18 00:00 17 30 36.10 -22 38 05.8
 2019-Mar-19 00:00 17 30 54.35 -22 38 17.5
 2019-Mar-20 00:00 17 31 11.86 -22 38 28.6
 2019-Mar-21 00:00 17 31 28.63 -22 38 39.1
 2019-Mar-22 00:00 17 31 44.66 -22 38 49.0
 2019-Mar-23 00:00 17 31 59.93 -22 38 58.3
 2019-Mar-24 00:00 17 32 14.44 -22 39 07.0
 2019-Mar-25 00:00 17 32 28.20 -22 39 15.2
 2019-Mar-26 00:00 17 32 41.18 -22 39 22.7
 2019-Mar-27 00:00 17 32 53.39 -22 39 29.8
 2019-Mar-28 00:00 17 33 04.82 -22 39 36.3
 2019-Mar-29 00:00 17 33 15.46 -22 39 42.3
 2019-Mar-30 00:00 17 33 25.31 -22 39 47.7
 2019-Mar-31 00:00 17 33 34.37 -22 39 52.7
 2019-Apr-01 00:00 17 33 42.63 -22 39 57.1
 2019-Apr-02 00:00 17 33 50.09 -22 40 01.0
 2019-Apr-03 00:00 17 33 56.74 -22 40 04.5
 2019-Apr-04 00:00 17 34 02.58 -22 40 07.4
 2019-Apr-05 00:00 17 34 07.60 -22 40 09.9
 2019-Apr-06 00:00 17 34 11.82 -22 40 11.9
 2019-Apr-07 00:00 17 34 15.21 -22 40 13.4
 2019-Apr-08 00:00 17 34 17.80 -22 40 14.5
 2019-Apr-09 00:00 17 34 19.56 -22 40 15.1
 2019-Apr-10 00:00 17 34 20.52 -22 40 15.3
 2019-Apr-11 00:00 17 34 20.65 -22 40 15.0
 2019-Apr-12 00:00 17 34 19.97 -22 40 14.3
 2019-Apr-13 00:00 17 34 18.47 -22 40 13.1
 2019-Apr-14 00:00 17 34 16.17 -22 40 11.5
 2019-Apr-15 00:00 17 34 13.05 -22 40 09.5
 2019-Apr-16 00:00 17 34 09.13 -22 40 07.0
 2019-Apr-17 00:00 17 34 04.41 -22 40 04.1
 2019-Apr-18 00:00 17 33 58.88 -22 40 00.8
 2019-Apr-19 00:00 17 33 52.55 -22 39 57.0
 2019-Apr-20 00:00 17 33 45.42 -22 39 52.8
 2019-Apr-21 00:00 17 33 37.49 -22 39 48.2
 2019-Apr-22 00:00 17 33 28.77 -22 39 43.2
 2019-Apr-23 00:00 17 33 19.27 -22 39 37.7
 2019-Apr-24 00:00 17 33 08.98 -22 39 31.8
 2019-Apr-25 00:00 17 32 57.90 -22 39 25.4
 2019-Apr-26 00:00 17 32 46.05 -22 39 18.5
 2019-Apr-27 00:00 17 32 33.42 -22 39 11.2
 2019-Apr-28 00:00 17 32 20.03 -22 39 03.4
 2019-Apr-29 00:00 17 32 05.88 -22 38 55.2
 2019-Apr-30 00:00 17 31 50.98 -22 38 46.4
 2019-May-01 00:00 17 31 35.33 -22 38 37.2
 2019-May-02 00:00 17 31 18.95 -22 38 27.5
 2019-May-03 00:00 17 31 01.83 -22 38 17.3
 2019-May-04 00:00 17 30 44.00 -22 38 06.5
 2019-May-05 00:00 17 30 25.46 -22 37 55.3
 2019-May-06 00:00 17 30 06.23 -22 37 43.6
 2019-May-07 00:00 17 29 46.31 -22 37 31.3
 2019-May-08 00:00 17 29 25.73 -22 37 18.5
 2019-May-09 00:00 17 29 04.48 -22 37 05.2
 2019-May-10 00:00 17 28 42.60 -22 36 51.3
 2019-May-11 00:00 17 28 20.08 -22 36 36.9
 2019-May-12 00:00 17 27 56.95 -22 36 22.0
 2019-May-13 00:00 17 27 33.22 -22 36 06.6
 2019-May-14 00:00 17 27 08.91 -22 35 50.6
 2019-May-15 00:00 17 26 44.04 -22 35 34.1
 2019-May-16 00:00 17 26 18.62 -22 35 17.0
 2019-May-17 00:00 17 25 52.65 -22 34 59.4
 2019-May-18 00:00 17 25 26.17 -22 34 41.3
 2019-May-19 00:00 17 24 59.19 -22 34 22.6
 2019-May-20 00:00 17 24 31.72 -22 34 03.4
 2019-May-21 00:00 17 24 03.77 -22 33 43.6
 2019-May-22 00:00 17 23 35.38 -22 33 23.3
 2019-May-23 00:00 17 23 06.55 -22 33 02.4
 2019-May-24 00:00 17 22 37.30 -22 32 41.0
 2019-May-25 00:00 17 22 07.66 -22 32 19.0
 2019-May-26 00:00 17 21 37.63 -22 31 56.5
 2019-May-27 00:00 17 21 07.24 -22 31 33.4
 2019-May-28 00:00 17 20 36.52 -22 31 09.8
 2019-May-29 00:00 17 20 05.48 -22 30 45.7
 2019-May-30 00:00 17 19 34.15 -22 30 21.1
 2019-May-31 00:00 17 19 02.54 -22 29 56.0
 2019-Jun-01 00:00 17 18 30.67 -22 29 30.3
 2019-Jun-02 00:00 17 17 58.58 -22 29 04.2
 2019-Jun-03 00:00 17 17 26.28 -22 28 37.6
 2019-Jun-04 00:00 17 16 53.81 -22 28 10.6
 2019-Jun-05 00:00 17 16 21.17 -22 27 43.2
 2019-Jun-06 00:00 17 15 48.41 -22 27 15.3
 2019-Jun-07 00:00 17 15 15.53 -22 26 47.1
 2019-Jun-08 00:00 17 14 42.57 -22 26 18.5
 2019-Jun-09 00:00 17 14 09.54 -22 25 49.5
 2019-Jun-10 00:00 17 13 36.48 -22 25 20.3
 2019-Jun-11 00:00 17 13 03.41 -22 24 50.7
 2019-Jun-12 00:00 17 12 30.35 -22 24 20.9
 2019-Jun-13 00:00 17 11 57.33 -22 23 50.8
 2019-Jun-14 00:00 17 11 24.36 -22 23 20.6
 2019-Jun-15 00:00 17 10 51.46 -22 22 50.1
 2019-Jun-16 00:00 17 10 18.67 -22 22 19.5
 2019-Jun-17 00:00 17 09 46.00 -22 21 48.7
 2019-Jun-18 00:00 17 09 13.47 -22 21 17.9
 2019-Jun-19 00:00 17 08 41.11 -22 20 46.9
 2019-Jun-20 00:00 17 08 08.93 -22 20 16.0
 2019-Jun-21 00:00 17 07 36.96 -22 19 44.9
 2019-Jun-22 00:00 17 07 05.22 -22 19 13.9
 2019-Jun-23 00:00 17 06 33.72 -22 18 43.0
 2019-Jun-24 00:00 17 06 02.49 -22 18 12.1
 2019-Jun-25 00:00 17 05 31.56 -22 17 41.3
 2019-Jun-26 00:00 17 05 00.94 -22 17 10.7
 2019-Jun-27 00:00 17 04 30.66 -22 16 40.2
 2019-Jun-28 00:00 17 04 00.72 -22 16 10.0
 2019-Jun-29 00:00 17 03 31.16 -22 15 40.0
 2019-Jun-30 00:00 17 03 02.00 -22 15 10.3
 2019-Jul-01 00:00 17 02 33.25 -22 14 40.9
 2019-Jul-02 00:00 17 02 04.94 -22 14 11.9
 2019-Jul-03 00:00 17 01 37.08 -22 13 43.4
 2019-Jul-04 00:00 17 01 09.70 -22 13 15.3
 2019-Jul-05 00:00 17 00 42.81 -22 12 47.6
 2019-Jul-06 00:00 17 00 16.43 -22 12 20.5
 2019-Jul-07 00:00 16 59 50.58 -22 11 54.0
 2019-Jul-08 00:00 16 59 25.28 -22 11 28.1
 2019-Jul-09 00:00 16 59 00.53 -22 11 02.8
 2019-Jul-10 00:00 16 58 36.36 -22 10 38.3
 2019-Jul-11 00:00 16 58 12.78 -22 10 14.4
 2019-Jul-12 00:00 16 57 49.80 -22 09 51.3
 2019-Jul-13 00:00 16 57 27.43 -22 09 28.9
 2019-Jul-14 00:00 16 57 05.68 -22 09 07.4
 2019-Jul-15 00:00 16 56 44.57 -22 08 46.7
 2019-Jul-16 00:00 16 56 24.11 -22 08 26.8
 2019-Jul-17 00:00 16 56 04.31 -22 08 07.9
 2019-Jul-18 00:00 16 55 45.18 -22 07 49.8
 2019-Jul-19 00:00 16 55 26.72 -22 07 32.7
 2019-Jul-20 00:00 16 55 08.96 -22 07 16.6
 2019-Jul-21 00:00 16 54 51.88 -22 07 01.5
 2019-Jul-22 00:00 16 54 35.52 -22 06 47.3
 2019-Jul-23 00:00 16 54 19.87 -22 06 34.2
 2019-Jul-24 00:00 16 54 04.94 -22 06 22.2
 2019-Jul-25 00:00 16 53 50.74 -22 06 11.3
 2019-Jul-26 00:00 16 53 37.29 -22 06 01.4
 2019-Jul-27 00:00 16 53 24.57 -22 05 52.7
 2019-Jul-28 00:00 16 53 12.61 -22 05 45.1
 2019-Jul-29 00:00 16 53 01.41 -22 05 38.7
 2019-Jul-30 00:00 16 52 50.98 -22 05 33.5
 2019-Jul-31 00:00 16 52 41.32 -22 05 29.5
 2019-Aug-01 00:00 16 52 32.44 -22 05 26.7
 2019-Aug-02 00:00 16 52 24.34 -22 05 25.2
 2019-Aug-03 00:00 16 52 17.03 -22 05 24.9
 2019-Aug-04 00:00 16 52 10.51 -22 05 25.9
 2019-Aug-05 00:00 16 52 04.79 -22 05 28.1
 2019-Aug-06 00:00 16 51 59.86 -22 05 31.6
 2019-Aug-07 00:00 16 51 55.73 -22 05 36.4
 2019-Aug-08 00:00 16 51 52.40 -22 05 42.5
 2019-Aug-09 00:00 16 51 49.87 -22 05 49.8
 2019-Aug-10 00:00 16 51 48.13 -22 05 58.5
 2019-Aug-11 00:00 16 51 47.19 -22 06 08.4
 2019-Aug-12 00:00 16 51 47.05 -22 06 19.6
 2019-Aug-13 00:00 16 51 47.70 -22 06 32.1
 2019-Aug-14 00:00 16 51 49.15 -22 06 45.8
 2019-Aug-15 00:00 16 51 51.39 -22 07 00.8
 2019-Aug-16 00:00 16 51 54.42 -22 07 17.0
 2019-Aug-17 00:00 16 51 58.25 -22 07 34.5
 2019-Aug-18 00:00 16 52 02.86 -22 07 53.2
 2019-Aug-19 00:00 16 52 08.25 -22 08 13.2
 2019-Aug-20 00:00 16 52 14.43 -22 08 34.3
 2019-Aug-21 00:00 16 52 21.40 -22 08 56.7
 2019-Aug-22 00:00 16 52 29.14 -22 09 20.2
 2019-Aug-23 00:00 16 52 37.67 -22 09 45.0
 2019-Aug-24 00:00 16 52 46.97 -22 10 10.9
 2019-Aug-25 00:00 16 52 57.05 -22 10 38.0
 2019-Aug-26 00:00 16 53 07.90 -22 11 06.2
 2019-Aug-27 00:00 16 53 19.52 -22 11 35.5
 2019-Aug-28 00:00 16 53 31.90 -22 12 06.0
 2019-Aug-29 00:00 16 53 45.06 -22 12 37.6
 2019-Aug-30 00:00 16 53 58.97 -22 13 10.2
 2019-Aug-31 00:00 16 54 13.64 -22 13 43.9
 2019-Sep-01 00:00 16 54 29.06 -22 14 18.7
 2019-Sep-02 00:00 16 54 45.24 -22 14 54.5
 2019-Sep-03 00:00 16 55 02.15 -22 15 31.3
 2019-Sep-04 00:00 16 55 19.80 -22 16 09.0
 2019-Sep-05 00:00 16 55 38.18 -22 16 47.7
 2019-Sep-06 00:00 16 55 57.29 -22 17 27.4
 2019-Sep-07 00:00 16 56 17.12 -22 18 07.9
 2019-Sep-08 00:00 16 56 37.66 -22 18 49.3
 2019-Sep-09 00:00 16 56 58.91 -22 19 31.6
 2019-Sep-10 00:00 16 57 20.85 -22 20 14.6
 2019-Sep-11 00:00 16 57 43.49 -22 20 58.5
 2019-Sep-12 00:00 16 58 06.82 -22 21 43.1
 2019-Sep-13 00:00 16 58 30.84 -22 22 28.4
 2019-Sep-14 00:00 16 58 55.52 -22 23 14.4
 2019-Sep-15 00:00 16 59 20.88 -22 24 01.1
 2019-Sep-16 00:00 16 59 46.90 -22 24 48.4
 2019-Sep-17 00:00 17 00 13.58 -22 25 36.3
 2019-Sep-18 00:00 17 00 40.91 -22 26 24.8
 2019-Sep-19 00:00 17 01 08.88 -22 27 13.8
 2019-Sep-20 00:00 17 01 37.50 -22 28 03.4
 2019-Sep-21 00:00 17 02 06.76 -22 28 53.4
 2019-Sep-22 00:00 17 02 36.65 -22 29 43.9
 2019-Sep-23 00:00 17 03 07.16 -22 30 34.9
 2019-Sep-24 00:00 17 03 38.29 -22 31 26.2
 2019-Sep-25 00:00 17 04 10.04 -22 32 18.0
 2019-Sep-26 00:00 17 04 42.39 -22 33 10.0
 2019-Sep-27 00:00 17 05 15.35 -22 34 02.4
 2019-Sep-28 00:00 17 05 48.91 -22 34 55.1
 2019-Sep-29 00:00 17 06 23.06 -22 35 48.1
 2019-Sep-30 00:00 17 06 57.79 -22 36 41.2
 2019-Oct-01 00:00 17 07 33.10 -22 37 34.6
 2019-Oct-02 00:00 17 08 08.98 -22 38 28.1
 2019-Oct-03 00:00 17 08 45.42 -22 39 21.7
 2019-Oct-04 00:00 17 09 22.41 -22 40 15.4
 2019-Oct-05 00:00 17 09 59.95 -22 41 09.2
 2019-Oct-06 00:00 17 10 38.03 -22 42 03.0
 2019-Oct-07 00:00 17 11 16.64 -22 42 56.8
 2019-Oct-08 00:00 17 11 55.78 -22 43 50.5
 2019-Oct-09 00:00 17 12 35.43 -22 44 44.1
 2019-Oct-10 00:00 17 13 15.59 -22 45 37.6
 2019-Oct-11 00:00 17 13 56.25 -22 46 31.0
 2019-Oct-12 00:00 17 14 37.41 -22 47 24.2
 2019-Oct-13 00:00 17 15 19.07 -22 48 17.2
 2019-Oct-14 00:00 17 16 01.20 -22 49 10.0
 2019-Oct-15 00:00 17 16 43.81 -22 50 02.4
 2019-Oct-16 00:00 17 17 26.89 -22 50 54.6
 2019-Oct-17 00:00 17 18 10.44 -22 51 46.5
 2019-Oct-18 00:00 17 18 54.45 -22 52 37.9
 2019-Oct-19 00:00 17 19 38.91 -22 53 29.0
 2019-Oct-20 00:00 17 20 23.82 -22 54 19.7
 2019-Oct-21 00:00 17 21 09.17 -22 55 10.0
 2019-Oct-22 00:00 17 21 54.95 -22 55 59.7
 2019-Oct-23 00:00 17 22 41.16 -22 56 49.0
 2019-Oct-24 00:00 17 23 27.80 -22 57 37.7
 2019-Oct-25 00:00 17 24 14.86 -22 58 25.9
 2019-Oct-26 00:00 17 25 02.33 -22 59 13.5
 2019-Oct-27 00:00 17 25 50.20 -23 00 00.5
 2019-Oct-28 00:00 17 26 38.47 -23 00 46.9
 2019-Oct-29 00:00 17 27 27.14 -23 01 32.6
 2019-Oct-30 00:00 17 28 16.18 -23 02 17.6
 2019-Oct-31 00:00 17 29 05.61 -23 03 01.9
 2019-Nov-01 00:00 17 29 55.40 -23 03 45.4
 2019-Nov-02 00:00 17 30 45.55 -23 04 28.2
 2019-Nov-03 00:00 17 31 36.06 -23 05 10.1
 2019-Nov-04 00:00 17 32 26.91 -23 05 51.2
 2019-Nov-05 00:00 17 33 18.11 -23 06 31.5
 2019-Nov-06 00:00 17 34 09.63 -23 07 10.8
 2019-Nov-07 00:00 17 35 01.48 -23 07 49.3
 2019-Nov-08 00:00 17 35 53.65 -23 08 26.8
 2019-Nov-09 00:00 17 36 46.13 -23 09 03.4
 2019-Nov-10 00:00 17 37 38.91 -23 09 39.0
 2019-Nov-11 00:00 17 38 32.00 -23 10 13.6
 2019-Nov-12 00:00 17 39 25.38 -23 10 47.2
 2019-Nov-13 00:00 17 40 19.05 -23 11 19.7
 2019-Nov-14 00:00 17 41 12.99 -23 11 51.2
 2019-Nov-15 00:00 17 42 07.22 -23 12 21.6
 2019-Nov-16 00:00 17 43 01.72 -23 12 50.8
 2019-Nov-17 00:00 17 43 56.48 -23 13 19.0
 2019-Nov-18 00:00 17 44 51.50 -23 13 46.1
 2019-Nov-19 00:00 17 45 46.77 -23 14 11.9
 2019-Nov-20 00:00 17 46 42.29 -23 14 36.7
 2019-Nov-21 00:00 17 47 38.06 -23 15 00.2
 2019-Nov-22 00:00 17 48 34.06 -23 15 22.5
 2019-Nov-23 00:00 17 49 30.29 -23 15 43.6
 2019-Nov-24 00:00 17 50 26.74 -23 16 03.5
 2019-Nov-25 00:00 17 51 23.41 -23 16 22.2
 2019-Nov-26 00:00 17 52 20.30 -23 16 39.5
 2019-Nov-27 00:00 17 53 17.38 -23 16 55.6
 2019-Nov-28 00:00 17 54 14.65 -23 17 10.4
 2019-Nov-29 00:00 17 55 12.12 -23 17 23.9
 2019-Nov-30 00:00 17 56 09.77 -23 17 36.0
 2019-Dec-01 00:00 17 57 07.59 -23 17 46.8
 2019-Dec-02 00:00 17 58 05.58 -23 17 56.2
 2019-Dec-03 00:00 17 59 03.73 -23 18 04.3
 2019-Dec-04 00:00 18 00 02.03 -23 18 11.0
 2019-Dec-05 00:00 18 01 00.48 -23 18 16.4
 2019-Dec-06 00:00 18 01 59.06 -23 18 20.3
 2019-Dec-07 00:00 18 02 57.79 -23 18 22.8
 2019-Dec-08 00:00 18 03 56.63 -23 18 23.9
 2019-Dec-09 00:00 18 04 55.60 -23 18 23.6
 2019-Dec-10 00:00 18 05 54.69 -23 18 21.9
 2019-Dec-11 00:00 18 06 53.88 -23 18 18.7
 2019-Dec-12 00:00 18 07 53.18 -23 18 14.1
 2019-Dec-13 00:00 18 08 52.58 -23 18 08.1
 2019-Dec-14 00:00 18 09 52.06 -23 18 00.6
 2019-Dec-15 00:00 18 10 51.64 -23 17 51.6
 2019-Dec-16 00:00 18 11 51.30 -23 17 41.2
 2019-Dec-17 00:00 18 12 51.04 -23 17 29.4
 2019-Dec-18 00:00 18 13 50.85 -23 17 16.0
 2019-Dec-19 00:00 18 14 50.72 -23 17 01.3
 2019-Dec-20 00:00 18 15 50.65 -23 16 45.0
 2019-Dec-21 00:00 18 16 50.64 -23 16 27.3
 2019-Dec-22 00:00 18 17 50.67 -23 16 08.2
 2019-Dec-23 00:00 18 18 50.75 -23 15 47.6
 2019-Dec-24 00:00 18 19 50.85 -23 15 25.5
 2019-Dec-25 00:00 18 20 50.99 -23 15 01.9
 2019-Dec-26 00:00 18 21 51.14 -23 14 36.9
 2019-Dec-27 00:00 18 22 51.30 -23 14 10.5
 2019-Dec-28 00:00 18 23 51.47 -23 13 42.6
 2019-Dec-29 00:00 18 24 51.63 -23 13 13.2
 2019-Dec-30 00:00 18 25 51.79 -23 12 42.4
 2019-Dec-31 00:00 18 26 51.93 -23 12 10.1
 2020-Jan-01 00:00 18 27 52.05 -23 11 36.5
 2020-Jan-02 00:00 18 28 52.14 -23 11 01.3
 2020-Jan-03 00:00 18 29 52.20 -23 10 24.8
 2020-Jan-04 00:00 18 30 52.21 -23 09 46.8
 2020-Jan-05 00:00 18 31 52.17 -23 09 07.5
 2020-Jan-06 00:00 18 32 52.09 -23 08 26.7
 2020-Jan-07 00:00 18 33 51.94 -23 07 44.5
 2020-Jan-08 00:00 18 34 51.73 -23 07 01.0
 2020-Jan-09 00:00 18 35 51.44 -23 06 16.1
 2020-Jan-10 00:00 18 36 51.08 -23 05 29.9
 2020-Jan-11 00:00 18 37 50.64 -23 04 42.3
 2020-Jan-12 00:00 18 38 50.11 -23 03 53.3
 2020-Jan-13 00:00 18 39 49.48 -23 03 03.1
 2020-Jan-14 00:00 18 40 48.76 -23 02 11.5
 2020-Jan-15 00:00 18 41 47.94 -23 01 18.7
 2020-Jan-16 00:00 18 42 47.01 -23 00 24.6
 2020-Jan-17 00:00 18 43 45.96 -22 59 29.2
 2020-Jan-18 00:00 18 44 44.79 -22 58 32.6
 2020-Jan-19 00:00 18 45 43.49 -22 57 34.7
 2020-Jan-20 00:00 18 46 42.06 -22 56 35.7
 2020-Jan-21 00:00 18 47 40.49 -22 55 35.4
 2020-Jan-22 00:00 18 48 38.77 -22 54 34.0
 2020-Jan-23 00:00 18 49 36.89 -22 53 31.4
 2020-Jan-24 00:00 18 50 34.85 -22 52 27.7
 2020-Jan-25 00:00 18 51 32.64 -22 51 22.8
 2020-Jan-26 00:00 18 52 30.25 -22 50 16.9
 2020-Jan-27 00:00 18 53 27.68 -22 49 09.8
 2020-Jan-28 00:00 18 54 24.92 -22 48 01.7
 2020-Jan-29 00:00 18 55 21.97 -22 46 52.6
 2020-Jan-30 00:00 18 56 18.80 -22 45 42.5
 2020-Jan-31 00:00 18 57 15.43 -22 44 31.4
 2020-Feb-01 00:00 18 58 11.84 -22 43 19.3
 2020-Feb-02 00:00 18 59 08.03 -22 42 06.2
 2020-Feb-03 00:00 19 00 03.99 -22 40 52.3
 2020-Feb-04 00:00 19 00 59.71 -22 39 37.4
 2020-Feb-05 00:00 19 01 55.20 -22 38 21.7
 2020-Feb-06 00:00 19 02 50.44 -22 37 05.2
 2020-Feb-07 00:00 19 03 45.42 -22 35 47.8
 2020-Feb-08 00:00 19 04 40.15 -22 34 29.6
 2020-Feb-09 00:00 19 05 34.62 -22 33 10.7
 2020-Feb-10 00:00 19 06 28.82 -22 31 51.1
 2020-Feb-11 00:00 19 07 22.75 -22 30 30.7
 2020-Feb-12 00:00 19 08 16.40 -22 29 09.7
 2020-Feb-13 00:00 19 09 09.77 -22 27 48.0
 2020-Feb-14 00:00 19 10 02.84 -22 26 25.7
 2020-Feb-15 00:00 19 10 55.61 -22 25 02.9
 2020-Feb-16 00:00 19 11 48.09 -22 23 39.4
 2020-Feb-17 00:00 19 12 40.25 -22 22 15.5
 2020-Feb-18 00:00 19 13 32.09 -22 20 51.0
 2020-Feb-19 00:00 19 14 23.61 -22 19 26.1
 2020-Feb-20 00:00 19 15 14.80 -22 18 00.7
 2020-Feb-21 00:00 19 16 05.64 -22 16 35.0
 2020-Feb-22 00:00 19 16 56.14 -22 15 08.9
 2020-Feb-23 00:00 19 17 46.29 -22 13 42.4
 2020-Feb-24 00:00 19 18 36.07 -22 12 15.7
 2020-Feb-25 00:00 19 19 25.49 -22 10 48.7
 2020-Feb-26 00:00 19 20 14.53 -22 09 21.4
 2020-Feb-27 00:00 19 21 03.19 -22 07 54.0
 2020-Feb-28 00:00 19 21 51.46 -22 06 26.4
 2020-Feb-29 00:00 19 22 39.34 -22 04 58.8
 2020-Mar-01 00:00 19 23 26.82 -22 03 31.0
 2020-Mar-02 00:00 19 24 13.88 -22 02 03.2
 2020-Mar-03 00:00 19 25 00.54 -22 00 35.3
 2020-Mar-04 00:00 19 25 46.77 -21 59 07.5
 2020-Mar-05 00:00 19 26 32.58 -21 57 39.8
 2020-Mar-06 00:00 19 27 17.96 -21 56 12.1
 2020-Mar-07 00:00 19 28 02.90 -21 54 44.6
 2020-Mar-08 00:00 19 28 47.40 -21 53 17.3
 2020-Mar-09 00:00 19 29 31.45 -21 51 50.2
 2020-Mar-10 00:00 19 30 15.06 -21 50 23.3
 2020-Mar-11 00:00 19 30 58.20 -21 48 56.8
 2020-Mar-12 00:00 19 31 40.88 -21 47 30.5
 2020-Mar-13 00:00 19 32 23.08 -21 46 04.6
 2020-Mar-14 00:00 19 33 04.81 -21 44 39.1
 2020-Mar-15 00:00 19 33 46.05 -21 43 14.1
 2020-Mar-16 00:00 19 34 26.81 -21 41 49.5
 2020-Mar-17 00:00 19 35 07.06 -21 40 25.4
 2020-Mar-18 00:00 19 35 46.80 -21 39 01.9
 2020-Mar-19 00:00 19 36 26.03 -21 37 39.0
 2020-Mar-20 00:00 19 37 04.74 -21 36 16.8
 2020-Mar-21 00:00 19 37 42.91 -21 34 55.2
 2020-Mar-22 00:00 19 38 20.55 -21 33 34.4
 2020-Mar-23 00:00 19 38 57.65 -21 32 14.3
 2020-Mar-24 00:00 19 39 34.19 -21 30 55.0
 2020-Mar-25 00:00 19 40 10.18 -21 29 36.6
 2020-Mar-26 00:00 19 40 45.60 -21 28 19.0
 2020-Mar-27 00:00 19 41 20.45 -21 27 02.4
 2020-Mar-28 00:00 19 41 54.72 -21 25 46.7
 2020-Mar-29 00:00 19 42 28.41 -21 24 32.1
 2020-Mar-30 00:00 19 43 01.50 -21 23 18.5
 2020-Mar-31 00:00 19 43 34.00 -21 22 05.9
 2020-Apr-01 00:00 19 44 05.90 -21 20 54.5
 2020-Apr-02 00:00 19 44 37.20 -21 19 44.3
 2020-Apr-03 00:00 19 45 07.87 -21 18 35.2
 2020-Apr-04 00:00 19 45 37.93 -21 17 27.4
 2020-Apr-05 00:00 19 46 07.36 -21 16 20.9
 2020-Apr-06 00:00 19 46 36.17 -21 15 15.7
 2020-Apr-07 00:00 19 47 04.34 -21 14 11.8
 2020-Apr-08 00:00 19 47 31.87 -21 13 09.3
 2020-Apr-09 00:00 19 47 58.76 -21 12 08.2
 2020-Apr-10 00:00 19 48 24.99 -21 11 08.6
 2020-Apr-11 00:00 19 48 50.57 -21 10 10.5
 2020-Apr-12 00:00 19 49 15.48 -21 09 13.9
 2020-Apr-13 00:00 19 49 39.72 -21 08 18.8
 2020-Apr-14 00:00 19 50 03.28 -21 07 25.4
 2020-Apr-15 00:00 19 50 26.16 -21 06 33.6
 2020-Apr-16 00:00 19 50 48.35 -21 05 43.4
 2020-Apr-17 00:00 19 51 09.84 -21 04 54.9
 2020-Apr-18 00:00 19 51 30.62 -21 04 08.2
 2020-Apr-19 00:00 19 51 50.69 -21 03 23.3
 2020-Apr-20 00:00 19 52 10.04 -21 02 40.1
 2020-Apr-21 00:00 19 52 28.68 -21 01 58.8
 2020-Apr-22 00:00 19 52 46.58 -21 01 19.4
 2020-Apr-23 00:00 19 53 03.75 -21 00 41.8
 2020-Apr-24 00:00 19 53 20.18 -21 00 06.2
 2020-Apr-25 00:00 19 53 35.87 -20 59 32.5
 2020-Apr-26 00:00 19 53 50.80 -20 59 00.8
 2020-Apr-27 00:00 19 54 04.99 -20 58 31.1
 2020-Apr-28 00:00 19 54 18.42 -20 58 03.4
 2020-Apr-29 00:00 19 54 31.09 -20 57 37.8
 2020-Apr-30 00:00 19 54 43.00 -20 57 14.2
 2020-May-01 00:00 19 54 54.15 -20 56 52.7
 2020-May-02 00:00 19 55 04.53 -20 56 33.3
 2020-May-03 00:00 19 55 14.14 -20 56 16.0
 2020-May-04 00:00 19 55 22.97 -20 56 00.9
 2020-May-05 00:00 19 55 31.04 -20 55 47.9
 2020-May-06 00:00 19 55 38.32 -20 55 37.1
 2020-May-07 00:00 19 55 44.83 -20 55 28.5
 2020-May-08 00:00 19 55 50.56 -20 55 22.0
 2020-May-09 00:00 19 55 55.50 -20 55 17.7
 2020-May-10 00:00 19 55 59.66 -20 55 15.7
 2020-May-11 00:00 19 56 03.02 -20 55 15.9
 2020-May-12 00:00 19 56 05.60 -20 55 18.2
 2020-May-13 00:00 19 56 07.37 -20 55 22.9
 2020-May-14 00:00 19 56 08.36 -20 55 29.7
 2020-May-15 00:00 19 56 08.54 -20 55 38.8
 2020-May-16 00:00 19 56 07.92 -20 55 50.1
 2020-May-17 00:00 19 56 06.51 -20 56 03.7
 2020-May-18 00:00 19 56 04.29 -20 56 19.5
 2020-May-19 00:00 19 56 01.27 -20 56 37.5
 2020-May-20 00:00 19 55 57.46 -20 56 57.8
 2020-May-21 00:00 19 55 52.85 -20 57 20.3
 2020-May-22 00:00 19 55 47.44 -20 57 45.0
 2020-May-23 00:00 19 55 41.24 -20 58 11.9
 2020-May-24 00:00 19 55 34.24 -20 58 41.0
 2020-May-25 00:00 19 55 26.46 -20 59 12.2
 2020-May-26 00:00 19 55 17.89 -20 59 45.6
 2020-May-27 00:00 19 55 08.55 -21 00 21.1
 2020-May-28 00:00 19 54 58.43 -21 00 58.7
 2020-May-29 00:00 19 54 47.55 -21 01 38.4
 2020-May-30 00:00 19 54 35.91 -21 02 20.2
 2020-May-31 00:00 19 54 23.51 -21 03 03.9
 2020-Jun-01 00:00 19 54 10.37 -21 03 49.7
 2020-Jun-02 00:00 19 53 56.49 -21 04 37.4
 2020-Jun-03 00:00 19 53 41.87 -21 05 27.0
 2020-Jun-04 00:00 19 53 26.54 -21 06 18.5
 2020-Jun-05 00:00 19 53 10.49 -21 07 11.9
 2020-Jun-06 00:00 19 52 53.73 -21 08 07.0
 2020-Jun-07 00:00 19 52 36.26 -21 09 04.0
 2020-Jun-08 00:00 19 52 18.11 -21 10 02.6
 2020-Jun-09 00:00 19 51 59.27 -21 11 03.0
 2020-Jun-10 00:00 19 51 39.75 -21 12 05.0
 2020-Jun-11 00:00 19 51 19.57 -21 13 08.6
 2020-Jun-12 00:00 19 50 58.74 -21 14 13.7
 2020-Jun-13 00:00 19 50 37.26 -21 15 20.4
 2020-Jun-14 00:00 19 50 15.15 -21 16 28.5
 2020-Jun-15 00:00 19 49 52.41 -21 17 38.1
 2020-Jun-16 00:00 19 49 29.07 -21 18 48.9
 2020-Jun-17 00:00 19 49 05.14 -21 20 01.1
 2020-Jun-18 00:00 19 48 40.63 -21 21 14.5
 2020-Jun-19 00:00 19 48 15.56 -21 22 29.1
 2020-Jun-20 00:00 19 47 49.95 -21 23 44.8
 2020-Jun-21 00:00 19 47 23.80 -21 25 01.6
 2020-Jun-22 00:00 19 46 57.14 -21 26 19.4
 2020-Jun-23 00:00 19 46 29.99 -21 27 38.1
 2020-Jun-24 00:00 19 46 02.36 -21 28 57.7
 2020-Jun-25 00:00 19 45 34.28 -21 30 18.1
 2020-Jun-26 00:00 19 45 05.77 -21 31 39.2
 2020-Jun-27 00:00 19 44 36.83 -21 33 01.0
 2020-Jun-28 00:00 19 44 07.50 -21 34 23.5
 2020-Jun-29 00:00 19 43 37.80 -21 35 46.4
 2020-Jun-30 00:00 19 43 07.74 -21 37 09.9
 2020-Jul-01 00:00 19 42 37.35 -21 38 33.7
 2020-Jul-02 00:00 19 42 06.64 -21 39 57.9
 2020-Jul-03 00:00 19 41 35.64 -21 41 22.4
 2020-Jul-04 00:00 19 41 04.38 -21 42 47.1
 2020-Jul-05 00:00 19 40 32.86 -21 44 11.9
 2020-Jul-06 00:00 19 40 01.10 -21 45 36.8
 2020-Jul-07 00:00 19 39 29.14 -21 47 01.8
 2020-Jul-08 00:00 19 38 56.99 -21 48 26.7
 2020-Jul-09 00:00 19 38 24.67 -21 49 51.5
 2020-Jul-10 00:00 19 37 52.21 -21 51 16.2
 2020-Jul-11 00:00 19 37 19.63 -21 52 40.6
 2020-Jul-12 00:00 19 36 46.94 -21 54 04.8
 2020-Jul-13 00:00 19 36 14.18 -21 55 28.6
 2020-Jul-14 00:00 19 35 41.36 -21 56 52.1
 2020-Jul-15 00:00 19 35 08.51 -21 58 15.1
 2020-Jul-16 00:00 19 34 35.66 -21 59 37.5
 2020-Jul-17 00:00 19 34 02.82 -22 00 59.5
 2020-Jul-18 00:00 19 33 30.03 -22 02 20.8
 2020-Jul-19 00:00 19 32 57.31 -22 03 41.4
 2020-Jul-20 00:00 19 32 24.68 -22 05 01.3
 2020-Jul-21 00:00 19 31 52.17 -22 06 20.5
 2020-Jul-22 00:00 19 31 19.80 -22 07 38.8
 2020-Jul-23 00:00 19 30 47.59 -22 08 56.3
 2020-Jul-24 00:00 19 30 15.58 -22 10 12.8
 2020-Jul-25 00:00 19 29 43.79 -22 11 28.4
 2020-Jul-26 00:00 19 29 12.24 -22 12 43.0
 2020-Jul-27 00:00 19 28 40.95 -22 13 56.5
 2020-Jul-28 00:00 19 28 09.95 -22 15 08.9
 2020-Jul-29 00:00 19 27 39.25 -22 16 20.3
 2020-Jul-30 00:00 19 27 08.88 -22 17 30.4
 2020-Jul-31 00:00 19 26 38.86 -22 18 39.4
 2020-Aug-01 00:00 19 26 09.21 -22 19 47.2
 2020-Aug-02 00:00 19 25 39.95 -22 20 53.7
 2020-Aug-03 00:00 19 25 11.09 -22 21 59.0
 2020-Aug-04 00:00 19 24 42.66 -22 23 02.9
 2020-Aug-05 00:00 19 24 14.68 -22 24 05.6
 2020-Aug-06 00:00 19 23 47.15 -22 25 06.9
 2020-Aug-07 00:00 19 23 20.11 -22 26 06.8
 2020-Aug-08 00:00 19 22 53.57 -22 27 05.3
 2020-Aug-09 00:00 19 22 27.55 -22 28 02.5
 2020-Aug-10 00:00 19 22 02.06 -22 28 58.2
 2020-Aug-11 00:00 19 21 37.12 -22 29 52.4
 2020-Aug-12 00:00 19 21 12.75 -22 30 45.2
 2020-Aug-13 00:00 19 20 48.96 -22 31 36.6
 2020-Aug-14 00:00 19 20 25.78 -22 32 26.5
 2020-Aug-15 00:00 19 20 03.21 -22 33 14.8
 2020-Aug-16 00:00 19 19 41.27 -22 34 01.7
 2020-Aug-17 00:00 19 19 19.99 -22 34 47.1
 2020-Aug-18 00:00 19 18 59.36 -22 35 30.9
 2020-Aug-19 00:00 19 18 39.41 -22 36 13.2
 2020-Aug-20 00:00 19 18 20.15 -22 36 54.0
 2020-Aug-21 00:00 19 18 01.59 -22 37 33.2
 2020-Aug-22 00:00 19 17 43.76 -22 38 10.9
 2020-Aug-23 00:00 19 17 26.65 -22 38 47.0
 2020-Aug-24 00:00 19 17 10.28 -22 39 21.6
 2020-Aug-25 00:00 19 16 54.65 -22 39 54.6
 2020-Aug-26 00:00 19 16 39.78 -22 40 26.1
 2020-Aug-27 00:00 19 16 25.67 -22 40 56.0
 2020-Aug-28 00:00 19 16 12.33 -22 41 24.3
 2020-Aug-29 00:00 19 15 59.77 -22 41 51.0
 2020-Aug-30 00:00 19 15 48.00 -22 42 16.3
 2020-Aug-31 00:00 19 15 37.00 -22 42 39.9
 2020-Sep-01 00:00 19 15 26.80 -22 43 02.0
 2020-Sep-02 00:00 19 15 17.40 -22 43 22.5
 2020-Sep-03 00:00 19 15 08.79 -22 43 41.5
 2020-Sep-04 00:00 19 15 00.99 -22 43 59.0
 2020-Sep-05 00:00 19 14 54.01 -22 44 14.9
 2020-Sep-06 00:00 19 14 47.83 -22 44 29.2
 2020-Sep-07 00:00 19 14 42.47 -22 44 42.0
 2020-Sep-08 00:00 19 14 37.93 -22 44 53.3
 2020-Sep-09 00:00 19 14 34.22 -22 45 03.0
 2020-Sep-10 00:00 19 14 31.32 -22 45 11.2
 2020-Sep-11 00:00 19 14 29.26 -22 45 17.9
 2020-Sep-12 00:00 19 14 28.02 -22 45 23.0
 2020-Sep-13 00:00 19 14 27.62 -22 45 26.6
 2020-Sep-14 00:00 19 14 28.05 -22 45 28.6
 2020-Sep-15 00:00 19 14 29.31 -22 45 29.2
 2020-Sep-16 00:00 19 14 31.41 -22 45 28.2
 2020-Sep-17 00:00 19 14 34.34 -22 45 25.6
 2020-Sep-18 00:00 19 14 38.10 -22 45 21.6
 2020-Sep-19 00:00 19 14 42.70 -22 45 16.0
 2020-Sep-20 00:00 19 14 48.14 -22 45 08.8
 2020-Sep-21 00:00 19 14 54.40 -22 45 00.2
 2020-Sep-22 00:00 19 15 01.49 -22 44 50.0
 2020-Sep-23 00:00 19 15 09.40 -22 44 38.2
 2020-Sep-24 00:00 19 15 18.13 -22 44 25.0
 2020-Sep-25 00:00 19 15 27.68 -22 44 10.2
 2020-Sep-26 00:00 19 15 38.03 -22 43 53.9
 2020-Sep-27 00:00 19 15 49.20 -22 43 36.0
 2020-Sep-28 00:00 19 16 01.16 -22 43 16.6
 2020-Sep-29 00:00 19 16 13.92 -22 42 55.6
 2020-Sep-30 00:00 19 16 27.47 -22 42 33.2
 2020-Oct-01 00:00 19 16 41.81 -22 42 09.1
 2020-Oct-02 00:00 19 16 56.92 -22 41 43.6
 2020-Oct-03 00:00 19 17 12.81 -22 41 16.5
 2020-Oct-04 00:00 19 17 29.47 -22 40 47.8
 2020-Oct-05 00:00 19 17 46.89 -22 40 17.6
 2020-Oct-06 00:00 19 18 05.08 -22 39 45.8
 2020-Oct-07 00:00 19 18 24.01 -22 39 12.5
 2020-Oct-08 00:00 19 18 43.69 -22 38 37.6
 2020-Oct-09 00:00 19 19 04.12 -22 38 01.2
 2020-Oct-10 00:00 19 19 25.29 -22 37 23.1
 2020-Oct-11 00:00 19 19 47.19 -22 36 43.5
 2020-Oct-12 00:00 19 20 09.82 -22 36 02.3
 2020-Oct-13 00:00 19 20 33.17 -22 35 19.5
 2020-Oct-14 00:00 19 20 57.23 -22 34 35.1
 2020-Oct-15 00:00 19 21 22.01 -22 33 49.1
 2020-Oct-16 00:00 19 21 47.49 -22 33 01.5
 2020-Oct-17 00:00 19 22 13.67 -22 32 12.2
 2020-Oct-18 00:00 19 22 40.54 -22 31 21.4
 2020-Oct-19 00:00 19 23 08.10 -22 30 28.9
 2020-Oct-20 00:00 19 23 36.33 -22 29 34.7
 2020-Oct-21 00:00 19 24 05.22 -22 28 38.9
 2020-Oct-22 00:00 19 24 34.78 -22 27 41.4
 2020-Oct-23 00:00 19 25 04.98 -22 26 42.3
 2020-Oct-24 00:00 19 25 35.83 -22 25 41.5
 2020-Oct-25 00:00 19 26 07.31 -22 24 39.1
 2020-Oct-26 00:00 19 26 39.41 -22 23 34.9
 2020-Oct-27 00:00 19 27 12.13 -22 22 29.1
 2020-Oct-28 00:00 19 27 45.46 -22 21 21.6
 2020-Oct-29 00:00 19 28 19.38 -22 20 12.4
 2020-Oct-30 00:00 19 28 53.90 -22 19 01.5
 2020-Oct-31 00:00 19 29 29.01 -22 17 48.9
 2020-Nov-01 00:00 19 30 04.69 -22 16 34.6
 2020-Nov-02 00:00 19 30 40.94 -22 15 18.5
 2020-Nov-03 00:00 19 31 17.76 -22 14 00.7
 2020-Nov-04 00:00 19 31 55.12 -22 12 41.2
 2020-Nov-05 00:00 19 32 33.04 -22 11 19.9
 2020-Nov-06 00:00 19 33 11.49 -22 09 57.0
 2020-Nov-07 00:00 19 33 50.48 -22 08 32.2
 2020-Nov-08 00:00 19 34 29.99 -22 07 05.7
 2020-Nov-09 00:00 19 35 10.03 -22 05 37.4
 2020-Nov-10 00:00 19 35 50.57 -22 04 07.4
 2020-Nov-11 00:00 19 36 31.62 -22 02 35.5
 2020-Nov-12 00:00 19 37 13.17 -22 01 01.9
 2020-Nov-13 00:00 19 37 55.21 -21 59 26.5
 2020-Nov-14 00:00 19 38 37.74 -21 57 49.3
 2020-Nov-15 00:00 19 39 20.74 -21 56 10.3
 2020-Nov-16 00:00 19 40 04.21 -21 54 29.4
 2020-Nov-17 00:00 19 40 48.13 -21 52 46.8
 2020-Nov-18 00:00 19 41 32.51 -21 51 02.3
 2020-Nov-19 00:00 19 42 17.33 -21 49 16.0
 2020-Nov-20 00:00 19 43 02.58 -21 47 27.9
 2020-Nov-21 00:00 19 43 48.26 -21 45 38.0
 2020-Nov-22 00:00 19 44 34.35 -21 43 46.3
 2020-Nov-23 00:00 19 45 20.84 -21 41 52.7
 2020-Nov-24 00:00 19 46 07.74 -21 39 57.3
 2020-Nov-25 00:00 19 46 55.02 -21 38 00.1
 2020-Nov-26 00:00 19 47 42.69 -21 36 01.0
 2020-Nov-27 00:00 19 48 30.73 -21 34 00.2
 2020-Nov-28 00:00 19 49 19.14 -21 31 57.5
 2020-Nov-29 00:00 19 50 07.91 -21 29 52.9
 2020-Nov-30 00:00 19 50 57.03 -21 27 46.6
 2020-Dec-01 00:00 19 51 46.50 -21 25 38.4
 2020-Dec-02 00:00 19 52 36.31 -21 23 28.4
 2020-Dec-03 00:00 19 53 26.45 -21 21 16.6
 2020-Dec-04 00:00 19 54 16.91 -21 19 02.9
 2020-Dec-05 00:00 19 55 07.70 -21 16 47.5
 2020-Dec-06 00:00 19 55 58.79 -21 14 30.2
 2020-Dec-07 00:00 19 56 50.20 -21 12 11.1
 2020-Dec-08 00:00 19 57 41.90 -21 09 50.1
 2020-Dec-09 00:00 19 58 33.90 -21 07 27.4
 2020-Dec-10 00:00 19 59 26.18 -21 05 02.8
 2020-Dec-11 00:00 20 00 18.74 -21 02 36.4
 2020-Dec-12 00:00 20 01 11.58 -21 00 08.2
 2020-Dec-13 00:00 20 02 04.68 -20 57 38.2
 2020-Dec-14 00:00 20 02 58.04 -20 55 06.4
 2020-Dec-15 00:00 20 03 51.65 -20 52 32.8
 2020-Dec-16 00:00 20 04 45.50 -20 49 57.5
 2020-Dec-17 00:00 20 05 39.59 -20 47 20.3
 2020-Dec-18 00:00 20 06 33.90 -20 44 41.4
 2020-Dec-19 00:00 20 07 28.43 -20 42 00.7
 2020-Dec-20 00:00 20 08 23.18 -20 39 18.3
 2020-Dec-21 00:00 20 09 18.13 -20 36 34.1
 2020-Dec-22 00:00 20 10 13.28 -20 33 48.2
 2020-Dec-23 00:00 20 11 08.61 -20 31 00.6
 2020-Dec-24 00:00 20 12 04.13 -20 28 11.3
 2020-Dec-25 00:00 20 12 59.83 -20 25 20.3
 2020-Dec-26 00:00 20 13 55.69 -20 22 27.6
 2020-Dec-27 00:00 20 14 51.72 -20 19 33.2
 2020-Dec-28 00:00 20 15 47.91 -20 16 37.2
 2020-Dec-29 00:00 20 16 44.24 -20 13 39.5
 2020-Dec-30 00:00 20 17 40.73 -20 10 40.2
 2020-Dec-31 00:00 20 18 37.35 -20 07 39.3
 2021-Jan-01 00:00 20 19 34.10 -20 04 36.8
 2021-Jan-02 00:00 20 20 30.98 -20 01 32.6
 2021-Jan-03 00:00 20 21 27.98 -19 58 26.9
 2021-Jan-04 00:00 20 22 25.11 -19 55 19.6
 2021-Jan-05 00:00 20 23 22.34 -19 52 10.8
 2021-Jan-06 00:00 20 24 19.69 -19 49 00.4
 2021-Jan-07 00:00 20 25 17.13 -19 45 48.5
 2021-Jan-08 00:00 20 26 14.67 -19 42 35.0
 2021-Jan-09 00:00 20 27 12.29 -19 39 20.1
 2021-Jan-10 00:00 20 28 10.00 -19 36 03.7
 2021-Jan-11 00:00 20 29 07.78 -19 32 45.8
 2021-Jan-12 00:00 20 30 05.64 -19 29 26.4
 2021-Jan-13 00:00 20 31 03.56 -19 26 05.6
 2021-Jan-14 00:00 20 32 01.53 -19 22 43.5
 2021-Jan-15 00:00 20 32 59.55 -19 19 19.9
 2021-Jan-16 00:00 20 33 57.61 -19 15 55.0
 2021-Jan-17 00:00 20 34 55.71 -19 12 28.7
 2021-Jan-18 00:00 20 35 53.84 -19 09 01.2
 2021-Jan-19 00:00 20 36 51.99 -19 05 32.3
 2021-Jan-20 00:00 20 37 50.16 -19 02 02.2
 2021-Jan-21 00:00 20 38 48.34 -18 58 30.8
 2021-Jan-22 00:00 20 39 46.53 -18 54 58.2
 2021-Jan-23 00:00 20 40 44.71 -18 51 24.5
 2021-Jan-24 00:00 20 41 42.89 -18 47 49.5
 2021-Jan-25 00:00 20 42 41.06 -18 44 13.4
 2021-Jan-26 00:00 20 43 39.21 -18 40 36.2
 2021-Jan-27 00:00 20 44 37.34 -18 36 57.8
 2021-Jan-28 00:00 20 45 35.45 -18 33 18.4
 2021-Jan-29 00:00 20 46 33.53 -18 29 38.0
 2021-Jan-30 00:00 20 47 31.56 -18 25 56.5
 2021-Jan-31 00:00 20 48 29.56 -18 22 14.0
 2021-Feb-01 00:00 20 49 27.52 -18 18 30.5
 2021-Feb-02 00:00 20 50 25.42 -18 14 46.1
 2021-Feb-03 00:00 20 51 23.28 -18 11 00.7
 2021-Feb-04 00:00 20 52 21.07 -18 07 14.5
 2021-Feb-05 00:00 20 53 18.80 -18 03 27.3
 2021-Feb-06 00:00 20 54 16.46 -17 59 39.3
 2021-Feb-07 00:00 20 55 14.04 -17 55 50.5
 2021-Feb-08 00:00 20 56 11.55 -17 52 00.9
 2021-Feb-09 00:00 20 57 08.97 -17 48 10.5
 2021-Feb-10 00:00 20 58 06.30 -17 44 19.4
 2021-Feb-11 00:00 20 59 03.53 -17 40 27.5
 2021-Feb-12 00:00 21 00 00.66 -17 36 35.0
 2021-Feb-13 00:00 21 00 57.67 -17 32 41.9
 2021-Feb-14 00:00 21 01 54.57 -17 28 48.2
 2021-Feb-15 00:00 21 02 51.34 -17 24 53.9
 2021-Feb-16 00:00 21 03 47.99 -17 20 59.1
 2021-Feb-17 00:00 21 04 44.51 -17 17 03.8
 2021-Feb-18 00:00 21 05 40.89 -17 13 08.1
 2021-Feb-19 00:00 21 06 37.13 -17 09 11.9
 2021-Feb-20 00:00 21 07 33.21 -17 05 15.3
 2021-Feb-21 00:00 21 08 29.15 -17 01 18.4
 2021-Feb-22 00:00 21 09 24.92 -16 57 21.1
 2021-Feb-23 00:00 21 10 20.53 -16 53 23.6
 2021-Feb-24 00:00 21 11 15.98 -16 49 25.8
 2021-Feb-25 00:00 21 12 11.26 -16 45 27.8
 2021-Feb-26 00:00 21 13 06.36 -16 41 29.6
 2021-Feb-27 00:00 21 14 01.28 -16 37 31.2
 2021-Feb-28 00:00 21 14 56.01 -16 33 32.7
 2021-Mar-01 00:00 21 15 50.56 -16 29 34.2
 2021-Mar-02 00:00 21 16 44.92 -16 25 35.5
 2021-Mar-03 00:00 21 17 39.08 -16 21 36.8
 2021-Mar-04 00:00 21 18 33.04 -16 17 38.2
 2021-Mar-05 00:00 21 19 26.80 -16 13 39.6
 2021-Mar-06 00:00 21 20 20.34 -16 09 41.0
 2021-Mar-07 00:00 21 21 13.67 -16 05 42.6
 2021-Mar-08 00:00 21 22 06.77 -16 01 44.4
 2021-Mar-09 00:00 21 22 59.65 -15 57 46.3
 2021-Mar-10 00:00 21 23 52.29 -15 53 48.5
 2021-Mar-11 00:00 21 24 44.70 -15 49 51.0
 2021-Mar-12 00:00 21 25 36.86 -15 45 53.8
 2021-Mar-13 00:00 21 26 28.77 -15 41 56.9
 2021-Mar-14 00:00 21 27 20.42 -15 38 00.5
 2021-Mar-15 00:00 21 28 11.82 -15 34 04.6
 2021-Mar-16 00:00 21 29 02.94 -15 30 09.1
 2021-Mar-17 00:00 21 29 53.80 -15 26 14.1
 2021-Mar-18 00:00 21 30 44.38 -15 22 19.8
 2021-Mar-19 00:00 21 31 34.67 -15 18 26.1
 2021-Mar-20 00:00 21 32 24.68 -15 14 33.0
 2021-Mar-21 00:00 21 33 14.39 -15 10 40.6
 2021-Mar-22 00:00 21 34 03.81 -15 06 49.1
 2021-Mar-23 00:00 21 34 52.92 -15 02 58.3
 2021-Mar-24 00:00 21 35 41.73 -14 59 08.3
 2021-Mar-25 00:00 21 36 30.23 -14 55 19.2
 2021-Mar-26 00:00 21 37 18.41 -14 51 31.0
 2021-Mar-27 00:00 21 38 06.27 -14 47 43.7
 2021-Mar-28 00:00 21 38 53.81 -14 43 57.5
 2021-Mar-29 00:00 21 39 41.02 -14 40 12.3
 2021-Mar-30 00:00 21 40 27.90 -14 36 28.1
 2021-Mar-31 00:00 21 41 14.44 -14 32 45.1
 2021-Apr-01 00:00 21 42 00.64 -14 29 03.2
 2021-Apr-02 00:00 21 42 46.50 -14 25 22.5
 2021-Apr-03 00:00 21 43 32.01 -14 21 43.0
 2021-Apr-04 00:00 21 44 17.15 -14 18 04.8
 2021-Apr-05 00:00 21 45 01.94 -14 14 27.9
 2021-Apr-06 00:00 21 45 46.35 -14 10 52.4
 2021-Apr-07 00:00 21 46 30.39 -14 07 18.3
 2021-Apr-08 00:00 21 47 14.04 -14 03 45.7
 2021-Apr-09 00:00 21 47 57.31 -14 00 14.6
 2021-Apr-10 00:00 21 48 40.19 -13 56 45.1
 2021-Apr-11 00:00 21 49 22.66 -13 53 17.2
 2021-Apr-12 00:00 21 50 04.73 -13 49 50.9
 2021-Apr-13 00:00 21 50 46.38 -13 46 26.4
 2021-Apr-14 00:00 21 51 27.62 -13 43 03.6
 2021-Apr-15 00:00 21 52 08.43 -13 39 42.7
 2021-Apr-16 00:00 21 52 48.82 -13 36 23.6
 2021-Apr-17 00:00 21 53 28.77 -13 33 06.4
 2021-Apr-18 00:00 21 54 08.28 -13 29 51.1
 2021-Apr-19 00:00 21 54 47.35 -13 26 37.9
 2021-Apr-20 00:00 21 55 25.97 -13 23 26.7
 2021-Apr-21 00:00 21 56 04.13 -13 20 17.6
 2021-Apr-22 00:00 21 56 41.84 -13 17 10.6
 2021-Apr-23 00:00 21 57 19.08 -13 14 05.8
 2021-Apr-24 00:00 21 57 55.85 -13 11 03.1
 2021-Apr-25 00:00 21 58 32.14 -13 08 02.8
 2021-Apr-26 00:00 21 59 07.96 -13 05 04.7
 2021-Apr-27 00:00 21 59 43.30 -13 02 09.0
 2021-Apr-28 00:00 22 00 18.14 -12 59 15.7
 2021-Apr-29 00:00 22 00 52.50 -12 56 24.8
 2021-Apr-30 00:00 22 01 26.35 -12 53 36.3
 2021-May-01 00:00 22 01 59.70 -12 50 50.4
 2021-May-02 00:00 22 02 32.54 -12 48 07.0
 2021-May-03 00:00 22 03 04.86 -12 45 26.2
 2021-May-04 00:00 22 03 36.65 -12 42 48.2
 2021-May-05 00:00 22 04 07.92 -12 40 12.8
 2021-May-06 00:00 22 04 38.65 -12 37 40.1
 2021-May-07 00:00 22 05 08.83 -12 35 10.3
 2021-May-08 00:00 22 05 38.46 -12 32 43.3
 2021-May-09 00:00 22 06 07.54 -12 30 19.2
 2021-May-10 00:00 22 06 36.05 -12 27 58.1
 2021-May-11 00:00 22 07 03.99 -12 25 40.0
 2021-May-12 00:00 22 07 31.36 -12 23 25.0
 2021-May-13 00:00 22 07 58.14 -12 21 13.0
 2021-May-14 00:00 22 08 24.34 -12 19 04.2
 2021-May-15 00:00 22 08 49.94 -12 16 58.6
 2021-May-16 00:00 22 09 14.95 -12 14 56.2
 2021-May-17 00:00 22 09 39.35 -12 12 57.1
 2021-May-18 00:00 22 10 03.14 -12 11 01.3
 2021-May-19 00:00 22 10 26.32 -12 09 08.8
 2021-May-20 00:00 22 10 48.89 -12 07 19.7
 2021-May-21 00:00 22 11 10.83 -12 05 34.0
 2021-May-22 00:00 22 11 32.15 -12 03 51.8
 2021-May-23 00:00 22 11 52.83 -12 02 13.1
 2021-May-24 00:00 22 12 12.89 -12 00 37.9
 2021-May-25 00:00 22 12 32.30 -11 59 06.2
 2021-May-26 00:00 22 12 51.06 -11 57 38.1
 2021-May-27 00:00 22 13 09.18 -11 56 13.7
 2021-May-28 00:00 22 13 26.65 -11 54 52.9
 2021-May-29 00:00 22 13 43.46 -11 53 35.7
 2021-May-30 00:00 22 13 59.60 -11 52 22.3
 2021-May-31 00:00 22 14 15.07 -11 51 12.7
 2021-Jun-01 00:00 22 14 29.87 -11 50 06.9
 2021-Jun-02 00:00 22 14 43.98 -11 49 04.8
 2021-Jun-03 00:00 22 14 57.41 -11 48 06.7
 2021-Jun-04 00:00 22 15 10.14 -11 47 12.5
 2021-Jun-05 00:00 22 15 22.18 -11 46 22.2
 2021-Jun-06 00:00 22 15 33.52 -11 45 35.8
 2021-Jun-07 00:00 22 15 44.15 -11 44 53.4
 2021-Jun-08 00:00 22 15 54.07 -11 44 15.1
 2021-Jun-09 00:00 22 16 03.28 -11 43 40.8
 2021-Jun-10 00:00 22 16 11.77 -11 43 10.6
 2021-Jun-11 00:00 22 16 19.54 -11 42 44.4
 2021-Jun-12 00:00 22 16 26.59 -11 42 22.4
 2021-Jun-13 00:00 22 16 32.91 -11 42 04.4
 2021-Jun-14 00:00 22 16 38.51 -11 41 50.6
 2021-Jun-15 00:00 22 16 43.37 -11 41 41.0
 2021-Jun-16 00:00 22 16 47.50 -11 41 35.5
 2021-Jun-17 00:00 22 16 50.90 -11 41 34.1
 2021-Jun-18 00:00 22 16 53.57 -11 41 36.9
 2021-Jun-19 00:00 22 16 55.51 -11 41 43.8
 2021-Jun-20 00:00 22 16 56.72 -11 41 54.9
 2021-Jun-21 00:00 22 16 57.19 -11 42 10.1
 2021-Jun-22 00:00 22 16 56.93 -11 42 29.4
 2021-Jun-23 00:00 22 16 55.94 -11 42 52.9
 2021-Jun-24 00:00 22 16 54.22 -11 43 20.5
 2021-Jun-25 00:00 22 16 51.77 -11 43 52.1
 2021-Jun-26 00:00 22 16 48.59 -11 44 27.9
 2021-Jun-27 00:00 22 16 44.67 -11 45 07.8
 2021-Jun-28 00:00 22 16 40.03 -11 45 51.7
 2021-Jun-29 00:00 22 16 34.65 -11 46 39.7
 2021-Jun-30 00:00 22 16 28.54 -11 47 31.8
 2021-Jul-01 00:00 22 16 21.70 -11 48 27.9
 2021-Jul-02 00:00 22 16 14.13 -11 49 28.0
 2021-Jul-03 00:00 22 16 05.84 -11 50 32.2
 2021-Jul-04 00:00 22 15 56.83 -11 51 40.2
 2021-Jul-05 00:00 22 15 47.10 -11 52 52.2
 2021-Jul-06 00:00 22 15 36.65 -11 54 08.2
 2021-Jul-07 00:00 22 15 25.50 -11 55 28.0
 2021-Jul-08 00:00 22 15 13.63 -11 56 51.6
 2021-Jul-09 00:00 22 15 01.08 -11 58 18.9
 2021-Jul-10 00:00 22 14 47.83 -11 59 50.1
 2021-Jul-11 00:00 22 14 33.89 -12 01 24.8
 2021-Jul-12 00:00 22 14 19.28 -12 03 03.2
 2021-Jul-13 00:00 22 14 04.01 -12 04 45.1
 2021-Jul-14 00:00 22 13 48.07 -12 06 30.6
 2021-Jul-15 00:00 22 13 31.48 -12 08 19.4
 2021-Jul-16 00:00 22 13 14.25 -12 10 11.6
 2021-Jul-17 00:00 22 12 56.40 -12 12 07.0
 2021-Jul-18 00:00 22 12 37.93 -12 14 05.7
 2021-Jul-19 00:00 22 12 18.85 -12 16 07.4
 2021-Jul-20 00:00 22 11 59.18 -12 18 12.2
 2021-Jul-21 00:00 22 11 38.92 -12 20 19.9
 2021-Jul-22 00:00 22 11 18.09 -12 22 30.5
 2021-Jul-23 00:00 22 10 56.70 -12 24 43.9
 2021-Jul-24 00:00 22 10 34.77 -12 26 59.9
 2021-Jul-25 00:00 22 10 12.30 -12 29 18.5
 2021-Jul-26 00:00 22 09 49.32 -12 31 39.7
 2021-Jul-27 00:00 22 09 25.82 -12 34 03.2
 2021-Jul-28 00:00 22 09 01.83 -12 36 29.1
 2021-Jul-29 00:00 22 08 37.35 -12 38 57.3
 2021-Jul-30 00:00 22 08 12.41 -12 41 27.5
 2021-Jul-31 00:00 22 07 47.02 -12 43 59.9
 2021-Aug-01 00:00 22 07 21.20 -12 46 34.1
 2021-Aug-02 00:00 22 06 54.96 -12 49 10.1
 2021-Aug-03 00:00 22 06 28.32 -12 51 47.9
 2021-Aug-04 00:00 22 06 01.29 -12 54 27.3
 2021-Aug-05 00:00 22 05 33.91 -12 57 08.1
 2021-Aug-06 00:00 22 05 06.18 -12 59 50.4
 2021-Aug-07 00:00 22 04 38.12 -13 02 33.8
 2021-Aug-08 00:00 22 04 09.77 -13 05 18.4
 2021-Aug-09 00:00 22 03 41.13 -13 08 04.0
 2021-Aug-10 00:00 22 03 12.23 -13 10 50.4
 2021-Aug-11 00:00 22 02 43.09 -13 13 37.6
 2021-Aug-12 00:00 22 02 13.74 -13 16 25.4
 2021-Aug-13 00:00 22 01 44.19 -13 19 13.7
 2021-Aug-14 00:00 22 01 14.47 -13 22 02.3
 2021-Aug-15 00:00 22 00 44.61 -13 24 51.1
 2021-Aug-16 00:00 22 00 14.62 -13 27 40.0
 2021-Aug-17 00:00 21 59 44.52 -13 30 28.9
 2021-Aug-18 00:00 21 59 14.34 -13 33 17.6
 2021-Aug-19 00:00 21 58 44.10 -13 36 06.0
 2021-Aug-20 00:00 21 58 13.82 -13 38 54.0
 2021-Aug-21 00:00 21 57 43.53 -13 41 41.4
 2021-Aug-22 00:00 21 57 13.24 -13 44 28.2
 2021-Aug-23 00:00 21 56 42.97 -13 47 14.3
 2021-Aug-24 00:00 21 56 12.75 -13 49 59.5
 2021-Aug-25 00:00 21 55 42.60 -13 52 43.7
 2021-Aug-26 00:00 21 55 12.53 -13 55 26.8
 2021-Aug-27 00:00 21 54 42.58 -13 58 08.7
 2021-Aug-28 00:00 21 54 12.76 -14 00 49.3
 2021-Aug-29 00:00 21 53 43.10 -14 03 28.4
 2021-Aug-30 00:00 21 53 13.62 -14 06 06.0
 2021-Aug-31 00:00 21 52 44.34 -14 08 41.9
 2021-Sep-01 00:00 21 52 15.27 -14 11 16.1
 2021-Sep-02 00:00 21 51 46.45 -14 13 48.4
 2021-Sep-03 00:00 21 51 17.90 -14 16 18.7
 2021-Sep-04 00:00 21 50 49.64 -14 18 47.0
 2021-Sep-05 00:00 21 50 21.68 -14 21 13.1
 2021-Sep-06 00:00 21 49 54.06 -14 23 36.8
 2021-Sep-07 00:00 21 49 26.79 -14 25 58.2
 2021-Sep-08 00:00 21 48 59.90 -14 28 17.2
 2021-Sep-09 00:00 21 48 33.40 -14 30 33.5
 2021-Sep-10 00:00 21 48 07.32 -14 32 47.2
 2021-Sep-11 00:00 21 47 41.68 -14 34 58.1
 2021-Sep-12 00:00 21 47 16.49 -14 37 06.2
 2021-Sep-13 00:00 21 46 51.77 -14 39 11.4
 2021-Sep-14 00:00 21 46 27.55 -14 41 13.5
 2021-Sep-15 00:00 21 46 03.84 -14 43 12.6
 2021-Sep-16 00:00 21 45 40.65 -14 45 08.5
 2021-Sep-17 00:00 21 45 17.99 -14 47 01.3
 2021-Sep-18 00:00 21 44 55.90 -14 48 50.8
 2021-Sep-19 00:00 21 44 34.36 -14 50 37.0
 2021-Sep-20 00:00 21 44 13.42 -14 52 19.8
 2021-Sep-21 00:00 21 43 53.06 -14 53 59.2
 2021-Sep-22 00:00 21 43 33.31 -14 55 35.2
 2021-Sep-23 00:00 21 43 14.18 -14 57 07.6
 2021-Sep-24 00:00 21 42 55.68 -14 58 36.5
 2021-Sep-25 00:00 21 42 37.83 -15 00 01.9
 2021-Sep-26 00:00 21 42 20.63 -15 01 23.6
 2021-Sep-27 00:00 21 42 04.09 -15 02 41.6
 2021-Sep-28 00:00 21 41 48.24 -15 03 55.9
 2021-Sep-29 00:00 21 41 33.07 -15 05 06.5
 2021-Sep-30 00:00 21 41 18.61 -15 06 13.3
 2021-Oct-01 00:00 21 41 04.84 -15 07 16.3
 2021-Oct-02 00:00 21 40 51.80 -15 08 15.4
 2021-Oct-03 00:00 21 40 39.49 -15 09 10.7
 2021-Oct-04 00:00 21 40 27.91 -15 10 02.1
 2021-Oct-05 00:00 21 40 17.08 -15 10 49.5
 2021-Oct-06 00:00 21 40 06.99 -15 11 33.0
 2021-Oct-07 00:00 21 39 57.67 -15 12 12.6
 2021-Oct-08 00:00 21 39 49.11 -15 12 48.2
 2021-Oct-09 00:00 21 39 41.32 -15 13 19.7
 2021-Oct-10 00:00 21 39 34.30 -15 13 47.3
 2021-Oct-11 00:00 21 39 28.07 -15 14 10.8
 2021-Oct-12 00:00 21 39 22.62 -15 14 30.3
 2021-Oct-13 00:00 21 39 17.95 -15 14 45.7
 2021-Oct-14 00:00 21 39 14.07 -15 14 57.2
 2021-Oct-15 00:00 21 39 10.97 -15 15 04.6
 2021-Oct-16 00:00 21 39 08.66 -15 15 07.9
 2021-Oct-17 00:00 21 39 07.14 -15 15 07.3
 2021-Oct-18 00:00 21 39 06.41 -15 15 02.6
 2021-Oct-19 00:00 21 39 06.47 -15 14 53.9
 2021-Oct-20 00:00 21 39 07.31 -15 14 41.3
 2021-Oct-21 00:00 21 39 08.94 -15 14 24.6
 2021-Oct-22 00:00 21 39 11.36 -15 14 04.0
 2021-Oct-23 00:00 21 39 14.55 -15 13 39.4
 2021-Oct-24 00:00 21 39 18.53 -15 13 10.9
 2021-Oct-25 00:00 21 39 23.30 -15 12 38.4
 2021-Oct-26 00:00 21 39 28.84 -15 12 02.0
 2021-Oct-27 00:00 21 39 35.16 -15 11 21.6
 2021-Oct-28 00:00 21 39 42.26 -15 10 37.4
 2021-Oct-29 00:00 21 39 50.13 -15 09 49.2
 2021-Oct-30 00:00 21 39 58.77 -15 08 57.2
 2021-Oct-31 00:00 21 40 08.18 -15 08 01.3
 2021-Nov-01 00:00 21 40 18.35 -15 07 01.5
 2021-Nov-02 00:00 21 40 29.30 -15 05 57.9
 2021-Nov-03 00:00 21 40 41.00 -15 04 50.4
 2021-Nov-04 00:00 21 40 53.46 -15 03 39.0
 2021-Nov-05 00:00 21 41 06.68 -15 02 23.9
 2021-Nov-06 00:00 21 41 20.64 -15 01 05.0
 2021-Nov-07 00:00 21 41 35.34 -14 59 42.2
 2021-Nov-08 00:00 21 41 50.79 -14 58 15.7
 2021-Nov-09 00:00 21 42 06.96 -14 56 45.5
 2021-Nov-10 00:00 21 42 23.87 -14 55 11.5
 2021-Nov-11 00:00 21 42 41.48 -14 53 33.9
 2021-Nov-12 00:00 21 42 59.81 -14 51 52.6
 2021-Nov-13 00:00 21 43 18.85 -14 50 07.6
 2021-Nov-14 00:00 21 43 38.57 -14 48 19.1
 2021-Nov-15 00:00 21 43 58.99 -14 46 27.0
 2021-Nov-16 00:00 21 44 20.09 -14 44 31.3
 2021-Nov-17 00:00 21 44 41.87 -14 42 32.1
 2021-Nov-18 00:00 21 45 04.31 -14 40 29.3
 2021-Nov-19 00:00 21 45 27.42 -14 38 23.1
 2021-Nov-20 00:00 21 45 51.17 -14 36 13.5
 2021-Nov-21 00:00 21 46 15.58 -14 34 00.4
 2021-Nov-22 00:00 21 46 40.62 -14 31 44.0
 2021-Nov-23 00:00 21 47 06.30 -14 29 24.1
 2021-Nov-24 00:00 21 47 32.61 -14 27 00.9
 2021-Nov-25 00:00 21 47 59.54 -14 24 34.3
 2021-Nov-26 00:00 21 48 27.08 -14 22 04.5
 2021-Nov-27 00:00 21 48 55.22 -14 19 31.4
 2021-Nov-28 00:00 21 49 23.97 -14 16 55.0
 2021-Nov-29 00:00 21 49 53.30 -14 14 15.3
 2021-Nov-30 00:00 21 50 23.23 -14 11 32.4
 2021-Dec-01 00:00 21 50 53.74 -14 08 46.3
 2021-Dec-02 00:00 21 51 24.81 -14 05 57.1
 2021-Dec-03 00:00 21 51 56.46 -14 03 04.6
 2021-Dec-04 00:00 21 52 28.66 -14 00 09.1
 2021-Dec-05 00:00 21 53 01.42 -13 57 10.4
 2021-Dec-06 00:00 21 53 34.71 -13 54 08.7
 2021-Dec-07 00:00 21 54 08.54 -13 51 03.9
 2021-Dec-08 00:00 21 54 42.90 -13 47 56.0
 2021-Dec-09 00:00 21 55 17.77 -13 44 45.2
 2021-Dec-10 00:00 21 55 53.16 -13 41 31.4
 2021-Dec-11 00:00 21 56 29.03 -13 38 14.7
 2021-Dec-12 00:00 21 57 05.40 -13 34 55.0
 2021-Dec-13 00:00 21 57 42.26 -13 31 32.6
 2021-Dec-14 00:00 21 58 19.58 -13 28 07.3
 2021-Dec-15 00:00 21 58 57.37 -13 24 39.2
 2021-Dec-16 00:00 21 59 35.62 -13 21 08.3
 2021-Dec-17 00:00 22 00 14.32 -13 17 34.7
 2021-Dec-18 00:00 22 00 53.47 -13 13 58.4
 2021-Dec-19 00:00 22 01 33.04 -13 10 19.4
 2021-Dec-20 00:00 22 02 13.05 -13 06 37.7
 2021-Dec-21 00:00 22 02 53.47 -13 02 53.4
 2021-Dec-22 00:00 22 03 34.32 -12 59 06.5
 2021-Dec-23 00:00 22 04 15.57 -12 55 17.1
 2021-Dec-24 00:00 22 04 57.22 -12 51 25.0
 2021-Dec-25 00:00 22 05 39.26 -12 47 30.5
 2021-Dec-26 00:00 22 06 21.69 -12 43 33.4
 2021-Dec-27 00:00 22 07 04.50 -12 39 33.9
 2021-Dec-28 00:00 22 07 47.69 -12 35 31.9
 2021-Dec-29 00:00 22 08 31.24 -12 31 27.5
 2021-Dec-30 00:00 22 09 15.16 -12 27 20.7
 2021-Dec-31 00:00 22 09 59.43 -12 23 11.5
 2022-Jan-01 00:00 22 10 44.05 -12 19 00.0
 2022-Jan-02 00:00 22 11 29.00 -12 14 46.1
 2022-Jan-03 00:00 22 12 14.29 -12 10 30.0
 2022-Jan-04 00:00 22 12 59.91 -12 06 11.6
 2022-Jan-05 00:00 22 13 45.84 -12 01 51.0
 2022-Jan-06 00:00 22 14 32.09 -11 57 28.1
 2022-Jan-07 00:00 22 15 18.63 -11 53 03.2
 2022-Jan-08 00:00 22 16 05.47 -11 48 36.1
 2022-Jan-09 00:00 22 16 52.60 -11 44 06.9
 2022-Jan-10 00:00 22 17 40.00 -11 39 35.7
 2022-Jan-11 00:00 22 18 27.68 -11 35 02.5
 2022-Jan-12 00:00 22 19 15.62 -11 30 27.3
 2022-Jan-13 00:00 22 20 03.83 -11 25 50.2
 2022-Jan-14 00:00 22 20 52.28 -11 21 11.1
 2022-Jan-15 00:00 22 21 40.98 -11 16 30.2
 2022-Jan-16 00:00 22 22 29.92 -11 11 47.4
 2022-Jan-17 00:00 22 23 19.10 -11 07 02.8
 2022-Jan-18 00:00 22 24 08.50 -11 02 16.5
 2022-Jan-19 00:00 22 24 58.12 -10 57 28.3
 2022-Jan-20 00:00 22 25 47.96 -10 52 38.4
 2022-Jan-21 00:00 22 26 38.02 -10 47 46.8
 2022-Jan-22 00:00 22 27 28.27 -10 42 53.6
 2022-Jan-23 00:00 22 28 18.73 -10 37 58.7
 2022-Jan-24 00:00 22 29 09.39 -10 33 02.2
 2022-Jan-25 00:00 22 30 00.23 -10 28 04.1
 2022-Jan-26 00:00 22 30 51.26 -10 23 04.4
 2022-Jan-27 00:00 22 31 42.47 -10 18 03.2
 2022-Jan-28 00:00 22 32 33.85 -10 13 00.4
 2022-Jan-29 00:00 22 33 25.41 -10 07 56.2
 2022-Jan-30 00:00 22 34 17.12 -10 02 50.6
 2022-Jan-31 00:00 22 35 08.99 -09 57 43.5
 2022-Feb-01 00:00 22 36 01.01 -09 52 35.1
 2022-Feb-02 00:00 22 36 53.18 -09 47 25.3
 2022-Feb-03 00:00 22 37 45.48 -09 42 14.2
 2022-Feb-04 00:00 22 38 37.92 -09 37 01.9
 2022-Feb-05 00:00 22 39 30.48 -09 31 48.3
 2022-Feb-06 00:00 22 40 23.16 -09 26 33.6
 2022-Feb-07 00:00 22 41 15.94 -09 21 17.7
 2022-Feb-08 00:00 22 42 08.84 -09 16 00.7
 2022-Feb-09 00:00 22 43 01.84 -09 10 42.7
 2022-Feb-10 00:00 22 43 54.93 -09 05 23.6
 2022-Feb-11 00:00 22 44 48.12 -09 00 03.5
 2022-Feb-12 00:00 22 45 41.39 -08 54 42.4
 2022-Feb-13 00:00 22 46 34.75 -08 49 20.4
 2022-Feb-14 00:00 22 47 28.18 -08 43 57.5
 2022-Feb-15 00:00 22 48 21.68 -08 38 33.7
 2022-Feb-16 00:00 22 49 15.25 -08 33 09.1
 2022-Feb-17 00:00 22 50 08.88 -08 27 43.6
 2022-Feb-18 00:00 22 51 02.58 -08 22 17.4
 2022-Feb-19 00:00 22 51 56.32 -08 16 50.5
 2022-Feb-20 00:00 22 52 50.12 -08 11 22.8
 2022-Feb-21 00:00 22 53 43.96 -08 05 54.4
 2022-Feb-22 00:00 22 54 37.84 -08 00 25.4
 2022-Feb-23 00:00 22 55 31.77 -07 54 55.8
 2022-Feb-24 00:00 22 56 25.72 -07 49 25.5
 2022-Feb-25 00:00 22 57 19.71 -07 43 54.7
 2022-Feb-26 00:00 22 58 13.72 -07 38 23.3
 2022-Feb-27 00:00 22 59 07.75 -07 32 51.5
 2022-Feb-28 00:00 23 00 01.80 -07 27 19.2
 2022-Mar-01 00:00 23 00 55.85 -07 21 46.4
 2022-Mar-02 00:00 23 01 49.91 -07 16 13.3
 2022-Mar-03 00:00 23 02 43.97 -07 10 39.8
 2022-Mar-04 00:00 23 03 38.02 -07 05 06.0
 2022-Mar-05 00:00 23 04 32.06 -06 59 32.0
 2022-Mar-06 00:00 23 05 26.08 -06 53 57.7
 2022-Mar-07 00:00 23 06 20.08 -06 48 23.2
 2022-Mar-08 00:00 23 07 14.05 -06 42 48.6
 2022-Mar-09 00:00 23 08 07.99 -06 37 13.9
 2022-Mar-10 00:00 23 09 01.90 -06 31 39.2
 2022-Mar-11 00:00 23 09 55.76 -06 26 04.3
 2022-Mar-12 00:00 23 10 49.58 -06 20 29.5
 2022-Mar-13 00:00 23 11 43.35 -06 14 54.7
 2022-Mar-14 00:00 23 12 37.07 -06 09 20.0
 2022-Mar-15 00:00 23 13 30.73 -06 03 45.4
 2022-Mar-16 00:00 23 14 24.33 -05 58 11.0
 2022-Mar-17 00:00 23 15 17.86 -05 52 36.7
 2022-Mar-18 00:00 23 16 11.33 -05 47 02.5
 2022-Mar-19 00:00 23 17 04.73 -05 41 28.7
 2022-Mar-20 00:00 23 17 58.05 -05 35 55.0
 2022-Mar-21 00:00 23 18 51.29 -05 30 21.7
 2022-Mar-22 00:00 23 19 44.45 -05 24 48.7
 2022-Mar-23 00:00 23 20 37.52 -05 19 16.0
 2022-Mar-24 00:00 23 21 30.51 -05 13 43.7
 2022-Mar-25 00:00 23 22 23.40 -05 08 11.8
 2022-Mar-26 00:00 23 23 16.19 -05 02 40.4
 2022-Mar-27 00:00 23 24 08.88 -04 57 09.5
 2022-Mar-28 00:00 23 25 01.46 -04 51 39.0
 2022-Mar-29 00:00 23 25 53.93 -04 46 09.2
 2022-Mar-30 00:00 23 26 46.27 -04 40 40.0
 2022-Mar-31 00:00 23 27 38.50 -04 35 11.4
 2022-Apr-01 00:00 23 28 30.60 -04 29 43.5
 2022-Apr-02 00:00 23 29 22.57 -04 24 16.3
 2022-Apr-03 00:00 23 30 14.39 -04 18 49.9
 2022-Apr-04 00:00 23 31 06.08 -04 13 24.3
 2022-Apr-05 00:00 23 31 57.62 -04 07 59.6
 2022-Apr-06 00:00 23 32 49.01 -04 02 35.7
 2022-Apr-07 00:00 23 33 40.24 -03 57 12.8
 2022-Apr-08 00:00 23 34 31.31 -03 51 50.8
 2022-Apr-09 00:00 23 35 22.21 -03 46 29.9
 2022-Apr-10 00:00 23 36 12.95 -03 41 09.9
 2022-Apr-11 00:00 23 37 03.52 -03 35 51.1
 2022-Apr-12 00:00 23 37 53.90 -03 30 33.3
 2022-Apr-13 00:00 23 38 44.10 -03 25 16.7
 2022-Apr-14 00:00 23 39 34.12 -03 20 01.3
 2022-Apr-15 00:00 23 40 23.95 -03 14 47.1
 2022-Apr-16 00:00 23 41 13.59 -03 09 34.1
 2022-Apr-17 00:00 23 42 03.04 -03 04 22.4
 2022-Apr-18 00:00 23 42 52.28 -02 59 12.0
 2022-Apr-19 00:00 23 43 41.32 -02 54 02.9
 2022-Apr-20 00:00 23 44 30.15 -02 48 55.1
 2022-Apr-21 00:00 23 45 18.77 -02 43 48.8
 2022-Apr-22 00:00 23 46 07.18 -02 38 43.9
 2022-Apr-23 00:00 23 46 55.36 -02 33 40.4
 2022-Apr-24 00:00 23 47 43.32 -02 28 38.4
 2022-Apr-25 00:00 23 48 31.05 -02 23 38.0
 2022-Apr-26 00:00 23 49 18.55 -02 18 39.1
 2022-Apr-27 00:00 23 50 05.79 -02 13 41.9
 2022-Apr-28 00:00 23 50 52.79 -02 08 46.4
 2022-Apr-29 00:00 23 51 39.54 -02 03 52.6
 2022-Apr-30 00:00 23 52 26.03 -01 59 00.5
 2022-May-01 00:00 23 53 12.26 -01 54 10.2
 2022-May-02 00:00 23 53 58.22 -01 49 21.8
 2022-May-03 00:00 23 54 43.90 -01 44 35.2
 2022-May-04 00:00 23 55 29.30 -01 39 50.6
 2022-May-05 00:00 23 56 14.42 -01 35 08.0
 2022-May-06 00:00 23 56 59.25 -01 30 27.3
 2022-May-07 00:00 23 57 43.78 -01 25 48.7
 2022-May-08 00:00 23 58 28.01 -01 21 12.1
 2022-May-09 00:00 23 59 11.94 -01 16 37.6
 2022-May-10 00:00 23 59 55.57 -01 12 05.3
 2022-May-11 00:00 00 00 38.87 -01 07 35.2
 2022-May-12 00:00 00 01 21.86 -01 03 07.2
 2022-May-13 00:00 00 02 04.52 -00 58 41.6
 2022-May-14 00:00 00 02 46.86 -00 54 18.2
 2022-May-15 00:00 00 03 28.87 -00 49 57.1
 2022-May-16 00:00 00 04 10.54 -00 45 38.3
 2022-May-17 00:00 00 04 51.87 -00 41 21.9
 2022-May-18 00:00 00 05 32.85 -00 37 07.9
 2022-May-19 00:00 00 06 13.48 -00 32 56.4
 2022-May-20 00:00 00 06 53.76 -00 28 47.3
 2022-May-21 00:00 00 07 33.67 -00 24 40.8
 2022-May-22 00:00 00 08 13.22 -00 20 36.8
 2022-May-23 00:00 00 08 52.39 -00 16 35.4
 2022-May-24 00:00 00 09 31.19 -00 12 36.6
 2022-May-25 00:00 00 10 09.59 -00 08 40.5
 2022-May-26 00:00 00 10 47.60 -00 04 47.2
 2022-May-27 00:00 00 11 25.21 -00 00 56.6
 2022-May-28 00:00 00 12 02.41 +00 02 51.1
 2022-May-29 00:00 00 12 39.21 +00 06 36.0
 2022-May-30 00:00 00 13 15.58 +00 10 18.0
 2022-May-31 00:00 00 13 51.52 +00 13 57.0
 2022-Jun-01 00:00 00 14 27.04 +00 17 33.0
 2022-Jun-02 00:00 00 15 02.11 +00 21 06.0
 2022-Jun-03 00:00 00 15 36.74 +00 24 35.9
 2022-Jun-04 00:00 00 16 10.92 +00 28 02.8
 2022-Jun-05 00:00 00 16 44.64 +00 31 26.4
 2022-Jun-06 00:00 00 17 17.91 +00 34 46.9
 2022-Jun-07 00:00 00 17 50.71 +00 38 04.2
 2022-Jun-08 00:00 00 18 23.03 +00 41 18.2
 2022-Jun-09 00:00 00 18 54.87 +00 44 29.0
 2022-Jun-10 00:00 00 19 26.23 +00 47 36.4
 2022-Jun-11 00:00 00 19 57.11 +00 50 40.4
 2022-Jun-12 00:00 00 20 27.49 +00 53 41.1
 2022-Jun-13 00:00 00 20 57.37 +00 56 38.4
 2022-Jun-14 00:00 00 21 26.75 +00 59 32.3
 2022-Jun-15 00:00 00 21 55.62 +01 02 22.7
 2022-Jun-16 00:00 00 22 23.97 +01 05 09.5
 2022-Jun-17 00:00 00 22 51.79 +01 07 52.8
 2022-Jun-18 00:00 00 23 19.09 +01 10 32.6
 2022-Jun-19 00:00 00 23 45.85 +01 13 08.7
 2022-Jun-20 00:00 00 24 12.07 +01 15 41.1
 2022-Jun-21 00:00 00 24 37.75 +01 18 09.9
 2022-Jun-22 00:00 00 25 02.86 +01 20 34.9
 2022-Jun-23 00:00 00 25 27.41 +01 22 56.0
 2022-Jun-24 00:00 00 25 51.38 +01 25 13.4
 2022-Jun-25 00:00 00 26 14.78 +01 27 26.8
 2022-Jun-26 00:00 00 26 37.60 +01 29 36.4
 2022-Jun-27 00:00 00 26 59.82 +01 31 42.0
 2022-Jun-28 00:00 00 27 21.45 +01 33 43.6
 2022-Jun-29 00:00 00 27 42.47 +01 35 41.1
 2022-Jun-30 00:00 00 28 02.89 +01 37 34.6
 2022-Jul-01 00:00 00 28 22.68 +01 39 24.0
 2022-Jul-02 00:00 00 28 41.86 +01 41 09.3
 2022-Jul-03 00:00 00 29 00.41 +01 42 50.4
 2022-Jul-04 00:00 00 29 18.32 +01 44 27.3
 2022-Jul-05 00:00 00 29 35.60 +01 46 00.0
 2022-Jul-06 00:00 00 29 52.24 +01 47 28.4
 2022-Jul-07 00:00 00 30 08.23 +01 48 52.6
 2022-Jul-08 00:00 00 30 23.57 +01 50 12.5
 2022-Jul-09 00:00 00 30 38.25 +01 51 28.1
 2022-Jul-10 00:00 00 30 52.28 +01 52 39.3
 2022-Jul-11 00:00 00 31 05.64 +01 53 46.3
 2022-Jul-12 00:00 00 31 18.33 +01 54 48.8
 2022-Jul-13 00:00 00 31 30.36 +01 55 47.0
 2022-Jul-14 00:00 00 31 41.70 +01 56 40.8
 2022-Jul-15 00:00 00 31 52.37 +01 57 30.2
 2022-Jul-16 00:00 00 32 02.35 +01 58 15.1
 2022-Jul-17 00:00 00 32 11.64 +01 58 55.5
 2022-Jul-18 00:00 00 32 20.24 +01 59 31.5
 2022-Jul-19 00:00 00 32 28.13 +02 00 02.9
 2022-Jul-20 00:00 00 32 35.33 +02 00 29.8
 2022-Jul-21 00:00 00 32 41.81 +02 00 52.1
 2022-Jul-22 00:00 00 32 47.57 +02 01 09.8
 2022-Jul-23 00:00 00 32 52.62 +02 01 22.9
 2022-Jul-24 00:00 00 32 56.95 +02 01 31.4
 2022-Jul-25 00:00 00 33 00.56 +02 01 35.2
 2022-Jul-26 00:00 00 33 03.45 +02 01 34.4
 2022-Jul-27 00:00 00 33 05.60 +02 01 29.0
 2022-Jul-28 00:00 00 33 07.03 +02 01 18.9
 2022-Jul-29 00:00 00 33 07.72 +02 01 04.1
 2022-Jul-30 00:00 00 33 07.69 +02 00 44.7
 2022-Jul-31 00:00 00 33 06.92 +02 00 20.6
 2022-Aug-01 00:00 00 33 05.43 +01 59 51.9
 2022-Aug-02 00:00 00 33 03.20 +01 59 18.6
 2022-Aug-03 00:00 00 33 00.25 +01 58 40.7
 2022-Aug-04 00:00 00 32 56.57 +01 57 58.2
 2022-Aug-05 00:00 00 32 52.16 +01 57 11.1
 2022-Aug-06 00:00 00 32 47.03 +01 56 19.5
 2022-Aug-07 00:00 00 32 41.18 +01 55 23.3
 2022-Aug-08 00:00 00 32 34.61 +01 54 22.7
 2022-Aug-09 00:00 00 32 27.33 +01 53 17.6
 2022-Aug-10 00:00 00 32 19.34 +01 52 08.1
 2022-Aug-11 00:00 00 32 10.64 +01 50 54.2
 2022-Aug-12 00:00 00 32 01.24 +01 49 36.0
 2022-Aug-13 00:00 00 31 51.13 +01 48 13.4
 2022-Aug-14 00:00 00 31 40.33 +01 46 46.5
 2022-Aug-15 00:00 00 31 28.84 +01 45 15.3
 2022-Aug-16 00:00 00 31 16.67 +01 43 39.9
 2022-Aug-17 00:00 00 31 03.81 +01 42 00.3
 2022-Aug-18 00:00 00 30 50.28 +01 40 16.6
 2022-Aug-19 00:00 00 30 36.07 +01 38 28.7
 2022-Aug-20 00:00 00 30 21.20 +01 36 36.8
 2022-Aug-21 00:00 00 30 05.67 +01 34 40.8
 2022-Aug-22 00:00 00 29 49.49 +01 32 41.0
 2022-Aug-23 00:00 00 29 32.68 +01 30 37.3
 2022-Aug-24 00:00 00 29 15.24 +01 28 29.7
 2022-Aug-25 00:00 00 28 57.18 +01 26 18.4
 2022-Aug-26 00:00 00 28 38.51 +01 24 03.5
 2022-Aug-27 00:00 00 28 19.24 +01 21 45.0
 2022-Aug-28 00:00 00 27 59.38 +01 19 23.0
 2022-Aug-29 00:00 00 27 38.96 +01 16 57.6
 2022-Aug-30 00:00 00 27 17.98 +01 14 28.9
 2022-Aug-31 00:00 00 26 56.46 +01 11 57.1
 2022-Sep-01 00:00 00 26 34.42 +01 09 22.1
 2022-Sep-02 00:00 00 26 11.86 +01 06 44.2
 2022-Sep-03 00:00 00 25 48.80 +01 04 03.4
 2022-Sep-04 00:00 00 25 25.26 +01 01 19.9
 2022-Sep-05 00:00 00 25 01.27 +00 58 33.7
 2022-Sep-06 00:00 00 24 36.82 +00 55 45.0
 2022-Sep-07 00:00 00 24 11.95 +00 52 54.0
 2022-Sep-08 00:00 00 23 46.66 +00 50 00.6
 2022-Sep-09 00:00 00 23 20.98 +00 47 05.0
 2022-Sep-10 00:00 00 22 54.91 +00 44 07.4
 2022-Sep-11 00:00 00 22 28.48 +00 41 07.9
 2022-Sep-12 00:00 00 22 01.71 +00 38 06.5
 2022-Sep-13 00:00 00 21 34.61 +00 35 03.4
 2022-Sep-14 00:00 00 21 07.21 +00 31 58.8
 2022-Sep-15 00:00 00 20 39.52 +00 28 52.7
 2022-Sep-16 00:00 00 20 11.56 +00 25 45.3
 2022-Sep-17 00:00 00 19 43.34 +00 22 36.7
 2022-Sep-18 00:00 00 19 14.90 +00 19 27.1
 2022-Sep-19 00:00 00 18 46.25 +00 16 16.5
 2022-Sep-20 00:00 00 18 17.41 +00 13 05.2
 2022-Sep-21 00:00 00 17 48.42 +00 09 53.3
 2022-Sep-22 00:00 00 17 19.28 +00 06 40.9
 2022-Sep-23 00:00 00 16 50.02 +00 03 28.2
 2022-Sep-24 00:00 00 16 20.66 +00 00 15.3
 2022-Sep-25 00:00 00 15 51.22 -00 02 57.6
 2022-Sep-26 00:00 00 15 21.74 -00 06 10.4
 2022-Sep-27 00:00 00 14 52.23 -00 09 22.9
 2022-Sep-28 00:00 00 14 22.72 -00 12 34.9
 2022-Sep-29 00:00 00 13 53.23 -00 15 46.3
 2022-Sep-30 00:00 00 13 23.78 -00 18 57.0
 2022-Oct-01 00:00 00 12 54.40 -00 22 06.7
 2022-Oct-02 00:00 00 12 25.11 -00 25 15.3
 2022-Oct-03 00:00 00 11 55.94 -00 28 22.8
 2022-Oct-04 00:00 00 11 26.91 -00 31 28.8
 2022-Oct-05 00:00 00 10 58.03 -00 34 33.3
 2022-Oct-06 00:00 00 10 29.34 -00 37 36.2
 2022-Oct-07 00:00 00 10 00.85 -00 40 37.3
 2022-Oct-08 00:00 00 09 32.57 -00 43 36.5
 2022-Oct-09 00:00 00 09 04.54 -00 46 33.6
 2022-Oct-10 00:00 00 08 36.77 -00 49 28.6
 2022-Oct-11 00:00 00 08 09.29 -00 52 21.3
 2022-Oct-12 00:00 00 07 42.10 -00 55 11.6
 2022-Oct-13 00:00 00 07 15.24 -00 57 59.3
 2022-Oct-14 00:00 00 06 48.71 -01 00 44.4
 2022-Oct-15 00:00 00 06 22.55 -01 03 26.7
 2022-Oct-16 00:00 00 05 56.76 -01 06 06.2
 2022-Oct-17 00:00 00 05 31.37 -01 08 42.6
 2022-Oct-18 00:00 00 05 06.39 -01 11 16.0
 2022-Oct-19 00:00 00 04 41.86 -01 13 46.1
 2022-Oct-20 00:00 00 04 17.78 -01 16 12.8
 2022-Oct-21 00:00 00 03 54.17 -01 18 36.0
 2022-Oct-22 00:00 00 03 31.04 -01 20 55.8
 2022-Oct-23 00:00 00 03 08.42 -01 23 11.8
 2022-Oct-24 00:00 00 02 46.33 -01 25 24.1
 2022-Oct-25 00:00 00 02 24.78 -01 27 32.5
 2022-Oct-26 00:00 00 02 03.78 -01 29 36.9
 2022-Oct-27 00:00 00 01 43.36 -01 31 37.3
 2022-Oct-28 00:00 00 01 23.52 -01 33 33.5
 2022-Oct-29 00:00 00 01 04.28 -01 35 25.5
 2022-Oct-30 00:00 00 00 45.65 -01 37 13.2
 2022-Oct-31 00:00 00 00 27.65 -01 38 56.5
 2022-Nov-01 00:00 00 00 10.29 -01 40 35.4
 2022-Nov-02 00:00 23 59 53.57 -01 42 09.8
 2022-Nov-03 00:00 23 59 37.51 -01 43 39.6
 2022-Nov-04 00:00 23 59 22.12 -01 45 04.7
 2022-Nov-05 00:00 23 59 07.41 -01 46 25.3
 2022-Nov-06 00:00 23 58 53.37 -01 47 41.2
 2022-Nov-07 00:00 23 58 40.02 -01 48 52.3
 2022-Nov-08 00:00 23 58 27.38 -01 49 58.7
 2022-Nov-09 00:00 23 58 15.43 -01 51 00.3
 2022-Nov-10 00:00 23 58 04.20 -01 51 57.1
 2022-Nov-11 00:00 23 57 53.69 -01 52 49.0
 2022-Nov-12 00:00 23 57 43.90 -01 53 36.0
 2022-Nov-13 00:00 23 57 34.83 -01 54 18.2
 2022-Nov-14 00:00 23 57 26.50 -01 54 55.4
 2022-Nov-15 00:00 23 57 18.90 -01 55 27.7
 2022-Nov-16 00:00 23 57 12.05 -01 55 55.0
 2022-Nov-17 00:00 23 57 05.94 -01 56 17.4
 2022-Nov-18 00:00 23 57 00.59 -01 56 34.7
 2022-Nov-19 00:00 23 56 55.99 -01 56 47.0
 2022-Nov-20 00:00 23 56 52.15 -01 56 54.3
 2022-Nov-21 00:00 23 56 49.06 -01 56 56.6
 2022-Nov-22 00:00 23 56 46.74 -01 56 53.8
 2022-Nov-23 00:00 23 56 45.19 -01 56 46.0
 2022-Nov-24 00:00 23 56 44.40 -01 56 33.1
 2022-Nov-25 00:00 23 56 44.38 -01 56 15.2
 2022-Nov-26 00:00 23 56 45.13 -01 55 52.2
 2022-Nov-27 00:00 23 56 46.64 -01 55 24.1
 2022-Nov-28 00:00 23 56 48.92 -01 54 51.1
 2022-Nov-29 00:00 23 56 51.97 -01 54 13.0
 2022-Nov-30 00:00 23 56 55.78 -01 53 30.0
 2022-Dec-01 00:00 23 57 00.34 -01 52 41.9
 2022-Dec-02 00:00 23 57 05.67 -01 51 49.0
 2022-Dec-03 00:00 23 57 11.74 -01 50 51.2
 2022-Dec-04 00:00 23 57 18.56 -01 49 48.5
 2022-Dec-05 00:00 23 57 26.13 -01 48 41.0
 2022-Dec-06 00:00 23 57 34.44 -01 47 28.7
 2022-Dec-07 00:00 23 57 43.48 -01 46 11.6
 2022-Dec-08 00:00 23 57 53.26 -01 44 49.8
 2022-Dec-09 00:00 23 58 03.77 -01 43 23.2
 2022-Dec-10 00:00 23 58 15.00 -01 41 52.1
 2022-Dec-11 00:00 23 58 26.95 -01 40 16.2
 2022-Dec-12 00:00 23 58 39.62 -01 38 35.8
 2022-Dec-13 00:00 23 58 52.99 -01 36 50.9
 2022-Dec-14 00:00 23 59 07.08 -01 35 01.4
 2022-Dec-15 00:00 23 59 21.87 -01 33 07.4
 2022-Dec-16 00:00 23 59 37.35 -01 31 08.9
 2022-Dec-17 00:00 23 59 53.53 -01 29 06.0
 2022-Dec-18 00:00 00 00 10.40 -01 26 58.7
 2022-Dec-19 00:00 00 00 27.95 -01 24 47.1
 2022-Dec-20 00:00 00 00 46.17 -01 22 31.1
 2022-Dec-21 00:00 00 01 05.07 -01 20 10.9
 2022-Dec-22 00:00 00 01 24.64 -01 17 46.4
 2022-Dec-23 00:00 00 01 44.87 -01 15 17.6
 2022-Dec-24 00:00 00 02 05.76 -01 12 44.8
 2022-Dec-25 00:00 00 02 27.30 -01 10 07.7
 2022-Dec-26 00:00 00 02 49.48 -01 07 26.7
 2022-Dec-27 00:00 00 03 12.29 -01 04 41.5
 2022-Dec-28 00:00 00 03 35.74 -01 01 52.5
 2022-Dec-29 00:00 00 03 59.80 -00 58 59.5
 2022-Dec-30 00:00 00 04 24.48 -00 56 02.6
 2022-Dec-31 00:00 00 04 49.76 -00 53 01.9
 2023-Jan-01 00:00 00 05 15.64 -00 49 57.5
 2023-Jan-02 00:00 00 05 42.11 -00 46 49.3
 2023-Jan-03 00:00 00 06 09.16 -00 43 37.6
 2023-Jan-04 00:00 00 06 36.78 -00 40 22.2
 2023-Jan-05 00:00 00 07 04.97 -00 37 03.3
 2023-Jan-06 00:00 00 07 33.72 -00 33 40.9
 2023-Jan-07 00:00 00 08 03.03 -00 30 15.1
 2023-Jan-08 00:00 00 08 32.88 -00 26 45.9
 2023-Jan-09 00:00 00 09 03.27 -00 23 13.3
 2023-Jan-10 00:00 00 09 34.19 -00 19 37.5
 2023-Jan-11 00:00 00 10 05.64 -00 15 58.4
 2023-Jan-12 00:00 00 10 37.61 -00 12 16.0
 2023-Jan-13 00:00 00 11 10.09 -00 08 30.5
 2023-Jan-14 00:00 00 11 43.08 -00 04 41.9
 2023-Jan-15 00:00 00 12 16.57 -00 00 50.3
 2023-Jan-16 00:00 00 12 50.56 +00 03 04.4
 2023-Jan-17 00:00 00 13 25.03 +00 07 02.1
 2023-Jan-18 00:00 00 13 59.99 +00 11 02.7
 2023-Jan-19 00:00 00 14 35.42 +00 15 06.3
 2023-Jan-20 00:00 00 15 11.32 +00 19 12.7
 2023-Jan-21 00:00 00 15 47.69 +00 23 21.8
 2023-Jan-22 00:00 00 16 24.51 +00 27 33.8
 2023-Jan-23 00:00 00 17 01.78 +00 31 48.4
 2023-Jan-24 00:00 00 17 39.48 +00 36 05.7
 2023-Jan-25 00:00 00 18 17.62 +00 40 25.5
 2023-Jan-26 00:00 00 18 56.19 +00 44 47.9
 2023-Jan-27 00:00 00 19 35.17 +00 49 12.8
 2023-Jan-28 00:00 00 20 14.56 +00 53 40.1
 2023-Jan-29 00:00 00 20 54.36 +00 58 09.8
 2023-Jan-30 00:00 00 21 34.55 +01 02 41.8
 2023-Jan-31 00:00 00 22 15.13 +01 07 16.1
 2023-Feb-01 00:00 00 22 56.09 +01 11 52.5
 2023-Feb-02 00:00 00 23 37.43 +01 16 31.1
 2023-Feb-03 00:00 00 24 19.13 +01 21 11.9
 2023-Feb-04 00:00 00 25 01.20 +01 25 54.7
 2023-Feb-05 00:00 00 25 43.62 +01 30 39.5
 2023-Feb-06 00:00 00 26 26.39 +01 35 26.3
 2023-Feb-07 00:00 00 27 09.51 +01 40 15.0
 2023-Feb-08 00:00 00 27 52.96 +01 45 05.6
 2023-Feb-09 00:00 00 28 36.74 +01 49 58.0
 2023-Feb-10 00:00 00 29 20.86 +01 54 52.3
 2023-Feb-11 00:00 00 30 05.29 +01 59 48.3
 2023-Feb-12 00:00 00 30 50.04 +02 04 46.0
 2023-Feb-13 00:00 00 31 35.10 +02 09 45.4
 2023-Feb-14 00:00 00 32 20.47 +02 14 46.5
 2023-Feb-15 00:00 00 33 06.14 +02 19 49.1
 2023-Feb-16 00:00 00 33 52.10 +02 24 53.3
 2023-Feb-17 00:00 00 34 38.35 +02 29 59.0
 2023-Feb-18 00:00 00 35 24.89 +02 35 06.2
 2023-Feb-19 00:00 00 36 11.70 +02 40 14.9
 2023-Feb-20 00:00 00 36 58.79 +02 45 24.9
 2023-Feb-21 00:00 00 37 46.14 +02 50 36.2
 2023-Feb-22 00:00 00 38 33.75 +02 55 48.8
 2023-Feb-23 00:00 00 39 21.62 +03 01 02.7
 2023-Feb-24 00:00 00 40 09.73 +03 06 17.7
 2023-Feb-25 00:00 00 40 58.08 +03 11 33.8
 2023-Feb-26 00:00 00 41 46.66 +03 16 51.1
 2023-Feb-27 00:00 00 42 35.47 +03 22 09.3
 2023-Feb-28 00:00 00 43 24.51 +03 27 28.6
 2023-Mar-01 00:00 00 44 13.76 +03 32 48.8
 2023-Mar-02 00:00 00 45 03.22 +03 38 09.8
 2023-Mar-03 00:00 00 45 52.88 +03 43 31.8
 2023-Mar-04 00:00 00 46 42.75 +03 48 54.6
 2023-Mar-05 00:00 00 47 32.82 +03 54 18.1
 2023-Mar-06 00:00 00 48 23.08 +03 59 42.4
 2023-Mar-07 00:00 00 49 13.52 +04 05 07.4
 2023-Mar-08 00:00 00 50 04.15 +04 10 33.0
 2023-Mar-09 00:00 00 50 54.95 +04 15 59.3
 2023-Mar-10 00:00 00 51 45.92 +04 21 26.2
 2023-Mar-11 00:00 00 52 37.07 +04 26 53.6
 2023-Mar-12 00:00 00 53 28.38 +04 32 21.6
 2023-Mar-13 00:00 00 54 19.85 +04 37 50.0
 2023-Mar-14 00:00 00 55 11.48 +04 43 18.9
 2023-Mar-15 00:00 00 56 03.26 +04 48 48.2
 2023-Mar-16 00:00 00 56 55.19 +04 54 17.9
 2023-Mar-17 00:00 00 57 47.26 +04 59 48.0
 2023-Mar-18 00:00 00 58 39.47 +05 05 18.3
 2023-Mar-19 00:00 00 59 31.81 +05 10 49.0
 2023-Mar-20 00:00 01 00 24.29 +05 16 19.9
 2023-Mar-21 00:00 01 01 16.88 +05 21 50.9
 2023-Mar-22 00:00 01 02 09.60 +05 27 22.2
 2023-Mar-23 00:00 01 03 02.43 +05 32 53.5
 2023-Mar-24 00:00 01 03 55.36 +05 38 24.9
 2023-Mar-25 00:00 01 04 48.40 +05 43 56.3
 2023-Mar-26 00:00 01 05 41.54 +05 49 27.7
 2023-Mar-27 00:00 01 06 34.77 +05 54 59.0
 2023-Mar-28 00:00 01 07 28.09 +06 00 30.2
 2023-Mar-29 00:00 01 08 21.48 +06 06 01.3
 2023-Mar-30 00:00 01 09 14.96 +06 11 32.2
 2023-Mar-31 00:00 01 10 08.51 +06 17 02.9
 2023-Apr-01 00:00 01 11 02.12 +06 22 33.3
 2023-Apr-02 00:00 01 11 55.81 +06 28 03.5
 2023-Apr-03 00:00 01 12 49.55 +06 33 33.3
 2023-Apr-04 00:00 01 13 43.36 +06 39 02.9
 2023-Apr-05 00:00 01 14 37.21 +06 44 32.0
 2023-Apr-06 00:00 01 15 31.11 +06 50 00.8
 2023-Apr-07 00:00 01 16 25.06 +06 55 29.1
 2023-Apr-08 00:00 01 17 19.05 +07 00 56.9
 2023-Apr-09 00:00 01 18 13.09 +07 06 24.3
 2023-Apr-10 00:00 01 19 07.15 +07 11 51.2
 2023-Apr-11 00:00 01 20 01.25 +07 17 17.5
 2023-Apr-12 00:00 01 20 55.38 +07 22 43.3
 2023-Apr-13 00:00 01 21 49.53 +07 28 08.5
 2023-Apr-14 00:00 01 22 43.70 +07 33 33.0
 2023-Apr-15 00:00 01 23 37.88 +07 38 56.9
 2023-Apr-16 00:00 01 24 32.08 +07 44 20.2
 2023-Apr-17 00:00 01 25 26.28 +07 49 42.6
 2023-Apr-18 00:00 01 26 20.48 +07 55 04.4
 2023-Apr-19 00:00 01 27 14.68 +08 00 25.3
 2023-Apr-20 00:00 01 28 08.87 +08 05 45.4
 2023-Apr-21 00:00 01 29 03.05 +08 11 04.6
 2023-Apr-22 00:00 01 29 57.20 +08 16 22.9
 2023-Apr-23 00:00 01 30 51.34 +08 21 40.3
 2023-Apr-24 00:00 01 31 45.44 +08 26 56.7
 2023-Apr-25 00:00 01 32 39.52 +08 32 12.1
 2023-Apr-26 00:00 01 33 33.55 +08 37 26.5
 2023-Apr-27 00:00 01 34 27.54 +08 42 39.8
 2023-Apr-28 00:00 01 35 21.49 +08 47 52.0
 2023-Apr-29 00:00 01 36 15.38 +08 53 03.1
 2023-Apr-30 00:00 01 37 09.22 +08 58 13.0
 2023-May-01 00:00 01 38 03.00 +09 03 21.8
 2023-May-02 00:00 01 38 56.71 +09 08 29.4
 2023-May-03 00:00 01 39 50.36 +09 13 35.7
 2023-May-04 00:00 01 40 43.94 +09 18 40.8
 2023-May-05 00:00 01 41 37.44 +09 23 44.6
 2023-May-06 00:00 01 42 30.86 +09 28 47.1
 2023-May-07 00:00 01 43 24.21 +09 33 48.3
 2023-May-08 00:00 01 44 17.46 +09 38 48.2
 2023-May-09 00:00 01 45 10.63 +09 43 46.8
 2023-May-10 00:00 01 46 03.70 +09 48 43.9
 2023-May-11 00:00 01 46 56.68 +09 53 39.7
 2023-May-12 00:00 01 47 49.55 +09 58 34.0
 2023-May-13 00:00 01 48 42.31 +10 03 26.9
 2023-May-14 00:00 01 49 34.97 +10 08 18.3
 2023-May-15 00:00 01 50 27.51 +10 13 08.2
 2023-May-16 00:00 01 51 19.92 +10 17 56.6
 2023-May-17 00:00 01 52 12.21 +10 22 43.4
 2023-May-18 00:00 01 53 04.36 +10 27 28.6