*semi-major-axis 1.52368055 float
*start-date 2020-08-01 string
 2020-Aug-01 00:00 01 12 00.51 +03 28 40.2
 2020-Aug-02 00:00 01 13 40.06 +03 37 32.3
 2020-Aug-03 00:00 01 15 18.02 +03 46 14.1
 2020-Aug-04 00:00 01 16 54.38 +03 54 45.6
 2020-Aug-05 00:00 01 18 29.07 +04 03 06.5
 2020-Aug-06 00:00 01 20 02.06 +04 11 16.6
 2020-Aug-07 00:00 01 21 33.30 +04 19 15.8
 2020-Aug-08 00:00 01 23 02.72 +04 27 03.9
 2020-Aug-09 00:00 01 24 30.29 +04 34 40.7
 2020-Aug-10 00:00 01 25 55.95 +04 42 06.0
 2020-Aug-11 00:00 01 27 19.64 +04 49 19.6
 2020-Aug-12 00:00 01 28 41.30 +04 56 21.4
 2020-Aug-13 00:00 01 30 00.89 +05 03 11.0
 2020-Aug-14 00:00 01 31 18.35 +05 09 48.5
 2020-Aug-15 00:00 01 32 33.61 +05 16 13.5
 2020-Aug-16 00:00 01 33 46.63 +05 22 26.0
 2020-Aug-17 00:00 01 34 57.33 +05 28 25.7
 2020-Aug-18 00:00 01 36 05.68 +05 34 12.4
 2020-Aug-19 00:00 01 37 11.60 +05 39 46.2
 2020-Aug-20 00:00 01 38 15.05 +05 45 06.8
 2020-Aug-21 00:00 01 39 15.99 +05 50 14.2
 2020-Aug-22 00:00 01 40 14.35 +05 55 08.2
 2020-Aug-23 00:00 01 41 10.10 +05 59 48.9
 2020-Aug-24 00:00 01 42 03.19 +06 04 16.2
 2020-Aug-25 00:00 01 42 53.57 +06 08 30.0
 2020-Aug-26 00:00 01 43 41.21 +06 12 30.3
 2020-Aug-27 00:00 01 44 26.05 +06 16 17.1
 2020-Aug-28 00:00 01 45 08.05 +06 19 50.4
 2020-Aug-29 00:00 01 45 47.17 +06 23 10.0
 2020-Aug-30 00:00 01 46 23.34 +06 26 15.9
 2020-Aug-31 00:00 01 46 56.53 +06 29 08.1
 2020-Sep-01 00:00 01 47 26.68 +06 31 46.5
 2020-Sep-02 00:00 01 47 53.75 +06 34 11.1
 2020-Sep-03 00:00 01 48 17.69 +06 36 21.7
 2020-Sep-04 00:00 01 48 38.44 +06 38 18.3
 2020-Sep-05 00:00 01 48 55.97 +06 40 00.9
 2020-Sep-06 00:00 01 49 10.23 +06 41 29.3
 2020-Sep-07 00:00 01 49 21.17 +06 42 43.7
 2020-Sep-08 00:00 01 49 28.77 +06 43 43.8
 2020-Sep-09 00:00 01 49 32.98 +06 44 29.8
 2020-Sep-10 00:00 01 49 33.78 +06 45 01.7
 2020-Sep-11 00:00 01 49 31.14 +06 45 19.4
 2020-Sep-12 00:00 01 49 25.05 +06 45 23.1
 2020-Sep-13 00:00 01 49 15.49 +06 45 12.8
 2020-Sep-14 00:00 01 49 02.46 +06 44 48.6
 2020-Sep-15 00:00 01 48 45.96 +06 44 10.7
 2020-Sep-16 00:00 01 48 26.02 +06 43 19.2
 2020-Sep-17 00:00 01 48 02.64 +06 42 14.6
 2020-Sep-18 00:00 01 47 35.87 +06 40 57.0
 2020-Sep-19 00:00 01 47 05.75 +06 39 26.7
 2020-Sep-20 00:00 01 46 32.35 +06 37 44.3
 2020-Sep-21 00:00 01 45 55.72 +06 35 50.1
 2020-Sep-22 00:00 01 45 15.95 +06 33 44.7
 2020-Sep-23 00:00 01 44 33.12 +06 31 28.5
 2020-Sep-24 00:00 01 43 47.30 +06 29 01.9
 2020-Sep-25 00:00 01 42 58.61 +06 26 25.7
 2020-Sep-26 00:00 01 42 07.13 +06 23 40.2
 2020-Sep-27 00:00 01 41 12.97 +06 20 46.0
 2020-Sep-28 00:00 01 40 16.26 +06 17 43.8
 2020-Sep-29 00:00 01 39 17.09 +06 14 34.2
 2020-Sep-30 00:00 01 38 15.61 +06 11 17.6
 2020-Oct-01 00:00 01 37 11.95 +06 07 54.9
 2020-Oct-02 00:00 01 36 06.24 +06 04 26.6
 2020-Oct-03 00:00 01 34 58.64 +06 00 53.4
 2020-Oct-04 00:00 01 33 49.29 +05 57 16.1
 2020-Oct-05 00:00 01 32 38.35 +05 53 35.3
 2020-Oct-06 00:00 01 31 26.00 +05 49 51.9
 2020-Oct-07 00:00 01 30 12.41 +05 46 06.6
 2020-Oct-08 00:00 01 28 57.75 +05 42 20.3
 2020-Oct-09 00:00 01 27 42.20 +05 38 33.7
 2020-Oct-10 00:00 01 26 25.96 +05 34 47.6
 2020-Oct-11 00:00 01 25 09.21 +05 31 03.0
 2020-Oct-12 00:00 01 23 52.16 +05 27 20.6
 2020-Oct-13 00:00 01 22 34.99 +05 23 41.4
 2020-Oct-14 00:00 01 21 17.92 +05 20 06.4
 2020-Oct-15 00:00 01 20 01.15 +05 16 36.3
 2020-Oct-16 00:00 01 18 44.87 +05 13 12.1
 2020-Oct-17 00:00 01 17 29.30 +05 09 54.7
 2020-Oct-18 00:00 01 16 14.64 +05 06 45.1
 2020-Oct-19 00:00 01 15 01.08 +05 03 44.2
 2020-Oct-20 00:00 01 13 48.81 +05 00 52.6
 2020-Oct-21 00:00 01 12 38.00 +04 58 11.3
 2020-Oct-22 00:00 01 11 28.83 +04 55 40.9
 2020-Oct-23 00:00 01 10 21.45 +04 53 22.1
 2020-Oct-24 00:00 01 09 16.00 +04 51 15.6
 2020-Oct-25 00:00 01 08 12.62 +04 49 21.7
 2020-Oct-26 00:00 01 07 11.43 +04 47 41.1
 2020-Oct-27 00:00 01 06 12.55 +04 46 14.1
 2020-Oct-28 00:00 01 05 16.07 +04 45 01.1
 2020-Oct-29 00:00 01 04 22.10 +04 44 02.4
 2020-Oct-30 00:00 01 03 30.71 +04 43 18.4
 2020-Oct-31 00:00 01 02 41.99 +04 42 49.3
 2020-Nov-01 00:00 01 01 56.01 +04 42 35.3
 2020-Nov-02 00:00 01 01 12.83 +04 42 36.5
 2020-Nov-03 00:00 01 00 32.49 +04 42 53.1
 2020-Nov-04 00:00 00 59 55.05 +04 43 25.3
 2020-Nov-05 00:00 00 59 20.55 +04 44 13.0
 2020-Nov-06 00:00 00 58 49.02 +04 45 16.3
 2020-Nov-07 00:00 00 58 20.50 +04 46 35.2
 2020-Nov-08 00:00 00 57 54.99 +04 48 09.8
 2020-Nov-09 00:00 00 57 32.54 +04 50 00.1
 2020-Nov-10 00:00 00 57 13.14 +04 52 05.9
 2020-Nov-11 00:00 00 56 56.80 +04 54 27.4
 2020-Nov-12 00:00 00 56 43.55 +04 57 04.3
 2020-Nov-13 00:00 00 56 33.38 +04 59 56.8
 2020-Nov-14 00:00 00 56 26.29 +05 03 04.7
 2020-Nov-15 00:00 00 56 22.27 +05 06 27.9
 2020-Nov-16 00:00 00 56 21.32 +05 10 06.4
 2020-Nov-17 00:00 00 56 23.42 +05 13 59.9
 2020-Nov-18 00:00 00 56 28.54 +05 18 08.4
 2020-Nov-19 00:00 00 56 36.66 +05 22 31.5
 2020-Nov-20 00:00 00 56 47.74 +05 27 09.2
 2020-Nov-21 00:00 00 57 01.74 +05 32 01.0
 2020-Nov-22 00:00 00 57 18.62 +05 37 06.8
 2020-Nov-23 00:00 00 57 38.33 +05 42 26.2
 2020-Nov-24 00:00 00 58 00.82 +05 47 58.9
 2020-Nov-25 00:00 00 58 26.06 +05 53 44.6
 2020-Nov-26 00:00 00 58 53.97 +05 59 43.0
 2020-Nov-27 00:00 00 59 24.53 +06 05 53.7
 2020-Nov-28 00:00 00 59 57.67 +06 12 16.5
 2020-Nov-29 00:00 01 00 33.34 +06 18 50.9
 2020-Nov-30 00:00 01 01 11.50 +06 25 36.8
 2020-Dec-01 00:00 01 01 52.09 +06 32 33.6
 2020-Dec-02 00:00 01 02 35.06 +06 39 41.2
 2020-Dec-03 00:00 01 03 20.37 +06 46 59.2
 2020-Dec-04 00:00 01 04 07.97 +06 54 27.3
 2020-Dec-05 00:00 01 04 57.82 +07 02 05.1
 2020-Dec-06 00:00 01 05 49.87 +07 09 52.6
 2020-Dec-07 00:00 01 06 44.07 +07 17 49.2
 2020-Dec-08 00:00 01 07 40.40 +07 25 54.8
 2020-Dec-09 00:00 01 08 38.80 +07 34 09.2
 2020-Dec-10 00:00 01 09 39.25 +07 42 32.0
 2020-Dec-11 00:00 01 10 41.70 +07 51 03.1
 2020-Dec-12 00:00 01 11 46.13 +07 59 42.2
 2020-Dec-13 00:00 01 12 52.49 +08 08 29.1
 2020-Dec-14 00:00 01 14 00.76 +08 17 23.6
 2020-Dec-15 00:00 01 15 10.89 +08 26 25.4
 2020-Dec-16 00:00 01 16 22.85 +08 35 34.3
 2020-Dec-17 00:00 01 17 36.61 +08 44 50.1
 2020-Dec-18 00:00 01 18 52.11 +08 54 12.4
 2020-Dec-19 00:00 01 20 09.33 +09 03 41.1
 2020-Dec-20 00:00 01 21 28.22 +09 13 15.7
 2020-Dec-21 00:00 01 22 48.75 +09 22 56.2
 2020-Dec-22 00:00 01 24 10.86 +09 32 42.1
 2020-Dec-23 00:00 01 25 34.54 +09 42 33.1
 2020-Dec-24 00:00 01 26 59.73 +09 52 29.1
 2020-Dec-25 00:00 01 28 26.41 +10 02 29.8
 2020-Dec-26 00:00 01 29 54.53 +10 12 34.8
 2020-Dec-27 00:00 01 31 24.07 +10 22 43.9
 2020-Dec-28 00:00 01 32 54.99 +10 32 56.9
 2020-Dec-29 00:00 01 34 27.26 +10 43 13.5
 2020-Dec-30 00:00 01 36 00.85 +10 53 33.5
 2020-Dec-31 00:00 01 37 35.73 +11 03 56.5
 2021-Jan-01 00:00 01 39 11.87 +11 14 22.4
 2021-Jan-02 00:00 01 40 49.26 +11 24 51.0
 2021-Jan-03 00:00 01 42 27.86 +11 35 22.0
 2021-Jan-04 00:00 01 44 07.66 +11 45 55.3
 2021-Jan-05 00:00 01 45 48.64 +11 56 30.6
 2021-Jan-06 00:00 01 47 30.77 +12 07 07.7
 2021-Jan-07 00:00 01 49 14.03 +12 17 46.5
 2021-Jan-08 00:00 01 50 58.43 +12 28 26.9
 2021-Jan-09 00:00 01 52 43.93 +12 39 08.5
 2021-Jan-10 00:00 01 54 30.52 +12 49 51.3
 2021-Jan-11 00:00 01 56 18.19 +13 00 35.2
 2021-Jan-12 00:00 01 58 06.92 +13 11 19.8
 2021-Jan-13 00:00 01 59 56.69 +13 22 05.2
 2021-Jan-14 00:00 02 01 47.50 +13 32 51.0
 2021-Jan-15 00:00 02 03 39.31 +13 43 37.1
 2021-Jan-16 00:00 02 05 32.12 +13 54 23.2
 2021-Jan-17 00:00 02 07 25.90 +14 05 09.3
 2021-Jan-18 00:00 02 09 20.63 +14 15 55.1
 2021-Jan-19 00:00 02 11 16.29 +14 26 40.4
 2021-Jan-20 00:00 02 13 12.88 +14 37 25.0
 2021-Jan-21 00:00 02 15 10.36 +14 48 08.7
 2021-Jan-22 00:00 02 17 08.73 +14 58 51.2
 2021-Jan-23 00:00 02 19 07.96 +15 09 32.5
 2021-Jan-24 00:00 02 21 08.04 +15 20 12.3
 2021-Jan-25 00:00 02 23 08.95 +15 30 50.5
 2021-Jan-26 00:00 02 25 10.68 +15 41 26.7
 2021-Jan-27 00:00 02 27 13.22 +15 52 00.9
 2021-Jan-28 00:00 02 29 16.54 +16 02 32.9
 2021-Jan-29 00:00 02 31 20.64 +16 13 02.5
 2021-Jan-30 00:00 02 33 25.50 +16 23 29.5
 2021-Jan-31 00:00 02 35 31.12 +16 33 53.8
 2021-Feb-01 00:00 02 37 37.49 +16 44 15.2
 2021-Feb-02 00:00 02 39 44.59 +16 54 33.5
 2021-Feb-03 00:00 02 41 52.43 +17 04 48.7
 2021-Feb-04 00:00 02 44 00.98 +17 15 00.6
 2021-Feb-05 00:00 02 46 10.26 +17 25 09.1
 2021-Feb-06 00:00 02 48 20.25 +17 35 14.0
 2021-Feb-07 00:00 02 50 30.95 +17 45 15.2
 2021-Feb-08 00:00 02 52 42.34 +17 55 12.6
 2021-Feb-09 00:00 02 54 54.44 +18 05 06.1
 2021-Feb-10 00:00 02 57 07.22 +18 14 55.5
 2021-Feb-11 00:00 02 59 20.68 +18 24 40.6
 2021-Feb-12 00:00 03 01 34.81 +18 34 21.5
 2021-Feb-13 00:00 03 03 49.61 +18 43 57.8
 2021-Feb-14 00:00 03 06 05.06 +18 53 29.4
 2021-Feb-15 00:00 03 08 21.15 +19 02 56.3
 2021-Feb-16 00:00 03 10 37.87 +19 12 18.2
 2021-Feb-17 00:00 03 12 55.22 +19 21 35.1
 2021-Feb-18 00:00 03 15 13.17 +19 30 46.7
 2021-Feb-19 00:00 03 17 31.72 +19 39 52.9
 2021-Feb-20 00:00 03 19 50.87 +19 48 53.5
 2021-Feb-21 00:00 03 22 10.59 +19 57 48.5
 2021-Feb-22 00:00 03 24 30.89 +20 06 37.7
 2021-Feb-23 00:00 03 26 51.74 +20 15 20.9
 2021-Feb-24 00:00 03 29 13.14 +20 23 58.0
 2021-Feb-25 00:00 03 31 35.08 +20 32 28.9
 2021-Feb-26 00:00 03 33 57.56 +20 40 53.4
 2021-Feb-27 00:00 03 36 20.55 +20 49 11.4
 2021-Feb-28 00:00 03 38 44.06 +20 57 22.8
 2021-Mar-01 00:00 03 41 08.08 +21 05 27.5
 2021-Mar-02 00:00 03 43 32.60 +21 13 25.3
 2021-Mar-03 00:00 03 45 57.61 +21 21 16.2
 2021-Mar-04 00:00 03 48 23.12 +21 29 00.1
 2021-Mar-05 00:00 03 50 49.13 +21 36 36.9
 2021-Mar-06 00:00 03 53 15.61 +21 44 06.4
 2021-Mar-07 00:00 03 55 42.58 +21 51 28.6
 2021-Mar-08 00:00 03 58 10.02 +21 58 43.4
 2021-Mar-09 00:00 04 00 37.94 +22 05 50.7
 2021-Mar-10 00:00 04 03 06.32 +22 12 50.4
 2021-Mar-11 00:00 04 05 35.17 +22 19 42.4
 2021-Mar-12 00:00 04 08 04.46 +22 26 26.6
 2021-Mar-13 00:00 04 10 34.20 +22 33 02.9
 2021-Mar-14 00:00 04 13 04.38 +22 39 31.2
 2021-Mar-15 00:00 04 15 34.98 +22 45 51.4
 2021-Mar-16 00:00 04 18 06.00 +22 52 03.4
 2021-Mar-17 00:00 04 20 37.43 +22 58 07.2
 2021-Mar-18 00:00 04 23 09.26 +23 04 02.5
 2021-Mar-19 00:00 04 25 41.48 +23 09 49.3
 2021-Mar-20 00:00 04 28 14.07 +23 15 27.6
 2021-Mar-21 00:00 04 30 47.03 +23 20 57.1
 2021-Mar-22 00:00 04 33 20.35 +23 26 17.9
 2021-Mar-23 00:00 04 35 54.01 +23 31 29.9
 2021-Mar-24 00:00 04 38 28.01 +23 36 32.9
 2021-Mar-25 00:00 04 41 02.34 +23 41 26.9
 2021-Mar-26 00:00 04 43 36.98 +23 46 11.7
 2021-Mar-27 00:00 04 46 11.93 +23 50 47.4
 2021-Mar-28 00:00 04 48 47.17 +23 55 13.9
 2021-Mar-29 00:00 04 51 22.71 +23 59 31.0
 2021-Mar-30 00:00 04 53 58.52 +24 03 38.8
 2021-Mar-31 00:00 04 56 34.61 +24 07 37.1
 2021-Apr-01 00:00 04 59 10.97 +24 11 25.9
 2021-Apr-02 00:00 05 01 47.59 +24 15 05.2
 2021-Apr-03 00:00 05 04 24.47 +24 18 34.9
 2021-Apr-04 00:00 05 07 01.61 +24 21 55.0
 2021-Apr-05 00:00 05 09 38.99 +24 25 05.3
 2021-Apr-06 00:00 05 12 16.61 +24 28 06.0
 2021-Apr-07 00:00 05 14 54.47 +24 30 56.9
 2021-Apr-08 00:00 05 17 32.55 +24 33 38.0
 2021-Apr-09 00:00 05 20 10.85 +24 36 09.1
 2021-Apr-10 00:00 05 22 49.36 +24 38 30.4
 2021-Apr-11 00:00 05 25 28.07 +24 40 41.8
 2021-Apr-12 00:00 05 28 06.96 +24 42 43.1
 2021-Apr-13 00:00 05 30 46.04 +24 44 34.4
 2021-Apr-14 00:00 05 33 25.29 +24 46 15.6
 2021-Apr-15 00:00 05 36 04.70 +24 47 46.8
 2021-Apr-16 00:00 05 38 44.26 +24 49 07.7
 2021-Apr-17 00:00 05 41 23.95 +24 50 18.5
 2021-Apr-18 00:00 05 44 03.78 +24 51 19.1
 2021-Apr-19 00:00 05 46 43.71 +24 52 09.4
 2021-Apr-20 00:00 05 49 23.76 +24 52 49.5
 2021-Apr-21 00:00 05 52 03.89 +24 53 19.3
 2021-Apr-22 00:00 05 54 44.11 +24 53 38.7
 2021-Apr-23 00:00 05 57 24.41 +24 53 47.9
 2021-Apr-24 00:00 06 00 04.76 +24 53 46.7
 2021-Apr-25 00:00 06 02 45.17 +24 53 35.2
 2021-Apr-26 00:00 06 05 25.61 +24 53 13.3
 2021-Apr-27 00:00 06 08 06.10 +24 52 41.1
 2021-Apr-28 00:00 06 10 46.61 +24 51 58.5
 2021-Apr-29 00:00 06 13 27.14 +24 51 05.5
 2021-Apr-30 00:00 06 16 07.69 +24 50 02.3
 2021-May-01 00:00 06 18 48.25 +24 48 48.6
 2021-May-02 00:00 06 21 28.81 +24 47 24.7
 2021-May-03 00:00 06 24 09.38 +24 45 50.4
 2021-May-04 00:00 06 26 49.94 +24 44 05.8
 2021-May-05 00:00 06 29 30.48 +24 42 10.8
 2021-May-06 00:00 06 32 11.01 +24 40 05.6
 2021-May-07 00:00 06 34 51.51 +24 37 50.1
 2021-May-08 00:00 06 37 31.98 +24 35 24.3
 2021-May-09 00:00 06 40 12.40 +24 32 48.3
 2021-May-10 00:00 06 42 52.78 +24 30 02.0
 2021-May-11 00:00 06 45 33.10 +24 27 05.5
 2021-May-12 00:00 06 48 13.35 +24 23 58.8
 2021-May-13 00:00 06 50 53.53 +24 20 41.9
 2021-May-14 00:00 06 53 33.62 +24 17 14.9
 2021-May-15 00:00 06 56 13.63 +24 13 37.7
 2021-May-16 00:00 06 58 53.53 +24 09 50.5
 2021-May-17 00:00 07 01 33.32 +24 05 53.1
 2021-May-18 00:00 07 04 13.00 +24 01 45.8
 2021-May-19 00:00 07 06 52.55 +23 57 28.4
 2021-May-20 00:00 07 09 31.97 +23 53 01.2
 2021-May-21 00:00 07 12 11.24 +23 48 24.0
 2021-May-22 00:00 07 14 50.37 +23 43 36.9
 2021-May-23 00:00 07 17 29.33 +23 38 40.0
 2021-May-24 00:00 07 20 08.14 +23 33 33.3
 2021-May-25 00:00 07 22 46.77 +23 28 16.9
 2021-May-26 00:00 07 25 25.23 +23 22 50.9
 2021-May-27 00:00 07 28 03.51 +23 17 15.2
 2021-May-28 00:00 07 30 41.61 +23 11 29.9
 2021-May-29 00:00 07 33 19.53 +23 05 35.1
 2021-May-30 00:00 07 35 57.27 +22 59 30.9
 2021-May-31 00:00 07 38 34.82 +22 53 17.2
 2021-Jun-01 00:00 07 41 12.17 +22 46 54.1
 2021-Jun-02 00:00 07 43 49.34 +22 40 21.7
 2021-Jun-03 00:00 07 46 26.32 +22 33 40.0
 2021-Jun-04 00:00 07 49 03.09 +22 26 49.2
 2021-Jun-05 00:00 07 51 39.67 +22 19 49.1
 2021-Jun-06 00:00 07 54 16.04 +22 12 40.0
 2021-Jun-07 00:00 07 56 52.21 +22 05 21.8
 2021-Jun-08 00:00 07 59 28.16 +21 57 54.6
 2021-Jun-09 00:00 08 02 03.91 +21 50 18.5
 2021-Jun-10 00:00 08 04 39.43 +21 42 33.6
 2021-Jun-11 00:00 08 07 14.73 +21 34 39.9
 2021-Jun-12 00:00 08 09 49.80 +21 26 37.4
 2021-Jun-13 00:00 08 12 24.64 +21 18 26.3
 2021-Jun-14 00:00 08 14 59.25 +21 10 06.6
 2021-Jun-15 00:00 08 17 33.62 +21 01 38.4
 2021-Jun-16 00:00 08 20 07.75 +20 53 01.7
 2021-Jun-17 00:00 08 22 41.64 +20 44 16.7
 2021-Jun-18 00:00 08 25 15.27 +20 35 23.4
 2021-Jun-19 00:00 08 27 48.66 +20 26 21.9
 2021-Jun-20 00:00 08 30 21.79 +20 17 12.2
 2021-Jun-21 00:00 08 32 54.66 +20 07 54.6
 2021-Jun-22 00:00 08 35 27.28 +19 58 28.9
 2021-Jun-23 00:00 08 37 59.64 +19 48 55.3
 2021-Jun-24 00:00 08 40 31.74 +19 39 14.0
 2021-Jun-25 00:00 08 43 03.58 +19 29 24.9
 2021-Jun-26 00:00 08 45 35.18 +19 19 28.1
 2021-Jun-27 00:00 08 48 06.52 +19 09 23.7
 2021-Jun-28 00:00 08 50 37.61 +18 59 11.8
 2021-Jun-29 00:00 08 53 08.45 +18 48 52.4
 2021-Jun-30 00:00 08 55 39.05 +18 38 25.6
 2021-Jul-01 00:00 08 58 09.41 +18 27 51.5
 2021-Jul-02 00:00 09 00 39.53 +18 17 10.2
 2021-Jul-03 00:00 09 03 09.40 +18 06 21.7
 2021-Jul-04 00:00 09 05 39.04 +17 55 26.1
 2021-Jul-05 00:00 09 08 08.45 +17 44 23.5
 2021-Jul-06 00:00 09 10 37.61 +17 33 13.9
 2021-Jul-07 00:00 09 13 06.55 +17 21 57.5
 2021-Jul-08 00:00 09 15 35.25 +17 10 34.2
 2021-Jul-09 00:00 09 18 03.71 +16 59 04.3
 2021-Jul-10 00:00 09 20 31.95 +16 47 27.8
 2021-Jul-11 00:00 09 22 59.95 +16 35 44.7
 2021-Jul-12 00:00 09 25 27.72 +16 23 55.2
 2021-Jul-13 00:00 09 27 55.26 +16 11 59.3
 2021-Jul-14 00:00 09 30 22.58 +15 59 57.1
 2021-Jul-15 00:00 09 32 49.66 +15 47 48.8
 2021-Jul-16 00:00 09 35 16.51 +15 35 34.3
 2021-Jul-17 00:00 09 37 43.14 +15 23 13.9
 2021-Jul-18 00:00 09 40 09.54 +15 10 47.5
 2021-Jul-19 00:00 09 42 35.72 +14 58 15.3
 2021-Jul-20 00:00 09 45 01.68 +14 45 37.4
 2021-Jul-21 00:00 09 47 27.42 +14 32 53.9
 2021-Jul-22 00:00 09 49 52.95 +14 20 04.8
 2021-Jul-23 00:00 09 52 18.26 +14 07 10.2
 2021-Jul-24 00:00 09 54 43.38 +13 54 10.2
 2021-Jul-25 00:00 09 57 08.29 +13 41 04.9
 2021-Jul-26 00:00 09 59 33.01 +13 27 54.3
 2021-Jul-27 00:00 10 01 57.54 +13 14 38.5
 2021-Jul-28 00:00 10 04 21.90 +13 01 17.7
 2021-Jul-29 00:00 10 06 46.07 +12 47 51.8
 2021-Jul-30 00:00 10 09 10.07 +12 34 20.9
 2021-Jul-31 00:00 10 11 33.91 +12 20 45.2
 2021-Aug-01 00:00 10 13 57.59 +12 07 04.7
 2021-Aug-02 00:00 10 16 21.11 +11 53 19.4
 2021-Aug-03 00:00 10 18 44.47 +11 39 29.5
 2021-Aug-04 00:00 10 21 07.69 +11 25 35.1
 2021-Aug-05 00:00 10 23 30.77 +11 11 36.1
 2021-Aug-06 00:00 10 25 53.70 +10 57 32.8
 2021-Aug-07 00:00 10 28 16.50 +10 43 25.2
 2021-Aug-08 00:00 10 30 39.17 +10 29 13.3
 2021-Aug-09 00:00 10 33 01.71 +10 14 57.4
 2021-Aug-10 00:00 10 35 24.13 +10 00 37.4
 2021-Aug-11 00:00 10 37 46.42 +09 46 13.4
 2021-Aug-12 00:00 10 40 08.59 +09 31 45.6
 2021-Aug-13 00:00 10 42 30.65 +09 17 14.0
 2021-Aug-14 00:00 10 44 52.60 +09 02 38.8
 2021-Aug-15 00:00 10 47 14.44 +08 48 00.1
 2021-Aug-16 00:00 10 49 36.18 +08 33 17.8
 2021-Aug-17 00:00 10 51 57.82 +08 18 32.2
 2021-Aug-18 00:00 10 54 19.37 +08 03 43.3
 2021-Aug-19 00:00 10 56 40.83 +07 48 51.2
 2021-Aug-20 00:00 10 59 02.21 +07 33 56.0
 2021-Aug-21 00:00 11 01 23.51 +07 18 57.7
 2021-Aug-22 00:00 11 03 44.75 +07 03 56.5
 2021-Aug-23 00:00 11 06 05.93 +06 48 52.4
 2021-Aug-24 00:00 11 08 27.06 +06 33 45.5
 2021-Aug-25 00:00 11 10 48.15 +06 18 35.8
 2021-Aug-26 00:00 11 13 09.19 +06 03 23.5
 2021-Aug-27 00:00 11 15 30.21 +05 48 08.6
 2021-Aug-28 00:00 11 17 51.20 +05 32 51.2
 2021-Aug-29 00:00 11 20 12.18 +05 17 31.4
 2021-Aug-30 00:00 11 22 33.15 +05 02 09.3
 2021-Aug-31 00:00 11 24 54.12 +04 46 44.9
 2021-Sep-01 00:00 11 27 15.08 +04 31 18.3
 2021-Sep-02 00:00 11 29 36.06 +04 15 49.6
 2021-Sep-03 00:00 11 31 57.06 +04 00 19.0
 2021-Sep-04 00:00 11 34 18.07 +03 44 46.4
 2021-Sep-05 00:00 11 36 39.11 +03 29 12.0
 2021-Sep-06 00:00 11 39 00.18 +03 13 35.8
 2021-Sep-07 00:00 11 41 21.29 +02 57 58.1
 2021-Sep-08 00:00 11 43 42.44 +02 42 18.8
 2021-Sep-09 00:00 11 46 03.64 +02 26 38.1
 2021-Sep-10 00:00 11 48 24.89 +02 10 56.0
 2021-Sep-11 00:00 11 50 46.19 +01 55 12.8
 2021-Sep-12 00:00 11 53 07.56 +01 39 28.4
 2021-Sep-13 00:00 11 55 28.99 +01 23 43.0
 2021-Sep-14 00:00 11 57 50.49 +01 07 56.7
 2021-Sep-15 00:00 12 00 12.08 +00 52 09.5
 2021-Sep-16 00:00 12 02 33.74 +00 36 21.7
 2021-Sep-17 00:00 12 04 55.50 +00 20 33.2
 2021-Sep-18 00:00 12 07 17.36 +00 04 44.1
 2021-Sep-19 00:00 12 09 39.33 -00 11 05.4
 2021-Sep-20 00:00 12 12 01.41 -00 26 55.3
 2021-Sep-21 00:00 12 14 23.62 -00 42 45.5
 2021-Sep-22 00:00 12 16 45.95 -00 58 35.9
 2021-Sep-23 00:00 12 19 08.43 -01 14 26.4
 2021-Sep-24 00:00 12 21 31.06 -01 30 16.9
 2021-Sep-25 00:00 12 23 53.84 -01 46 07.4
 2021-Sep-26 00:00 12 26 16.79 -02 01 57.8
 2021-Sep-27 00:00 12 28 39.91 -02 17 47.9
 2021-Sep-28 00:00 12 31 03.21 -02 33 37.7
 2021-Sep-29 00:00 12 33 26.69 -02 49 27.1
 2021-Sep-30 00:00 12 35 50.36 -03 05 16.0
 2021-Oct-01 00:00 12 38 14.24 -03 21 04.3
 2021-Oct-02 00:00 12 40 38.32 -03 36 51.8
 2021-Oct-03 00:00 12 43 02.61 -03 52 38.5
 2021-Oct-04 00:00 12 45 27.13 -04 08 24.4
 2021-Oct-05 00:00 12 47 51.86 -04 24 09.2
 2021-Oct-06 00:00 12 50 16.83 -04 39 52.8
 2021-Oct-07 00:00 12 52 42.03 -04 55 35.2
 2021-Oct-08 00:00 12 55 07.47 -05 11 16.2
 2021-Oct-09 00:00 12 57 33.16 -05 26 55.7
 2021-Oct-10 00:00 12 59 59.09 -05 42 33.6
 2021-Oct-11 00:00 13 02 25.28 -05 58 09.8
 2021-Oct-12 00:00 13 04 51.73 -06 13 44.1
 2021-Oct-13 00:00 13 07 18.45 -06 29 16.4
 2021-Oct-14 00:00 13 09 45.44 -06 44 46.7
 2021-Oct-15 00:00 13 12 12.71 -07 00 14.8
 2021-Oct-16 00:00 13 14 40.27 -07 15 40.5
 2021-Oct-17 00:00 13 17 08.12 -07 31 03.9
 2021-Oct-18 00:00 13 19 36.27 -07 46 24.8
 2021-Oct-19 00:00 13 22 04.74 -08 01 43.1
 2021-Oct-20 00:00 13 24 33.52 -08 16 58.7
 2021-Oct-21 00:00 13 27 02.63 -08 32 11.5
 2021-Oct-22 00:00 13 29 32.08 -08 47 21.4
 2021-Oct-23 00:00 13 32 01.86 -09 02 28.2
 2021-Oct-24 00:00 13 34 32.00 -09 17 32.0
 2021-Oct-25 00:00 13 37 02.49 -09 32 32.4
 2021-Oct-26 00:00 13 39 33.34 -09 47 29.6
 2021-Oct-27 00:00 13 42 04.57 -10 02 23.2
 2021-Oct-28 00:00 13 44 36.17 -10 17 13.3
 2021-Oct-29 00:00 13 47 08.15 -10 31 59.7
 2021-Oct-30 00:00 13 49 40.52 -10 46 42.3
 2021-Oct-31 00:00 13 52 13.29 -11 01 20.9
 2021-Nov-01 00:00 13 54 46.46 -11 15 55.5
 2021-Nov-02 00:00 13 57 20.03 -11 30 25.9
 2021-Nov-03 00:00 13 59 54.01 -11 44 51.9
 2021-Nov-04 00:00 14 02 28.40 -11 59 13.5
 2021-Nov-05 00:00 14 05 03.21 -12 13 30.5
 2021-Nov-06 00:00 14 07 38.44 -12 27 42.7
 2021-Nov-07 00:00 14 10 14.10 -12 41 50.1
 2021-Nov-08 00:00 14 12 50.18 -12 55 52.4
 2021-Nov-09 00:00 14 15 26.69 -13 09 49.6
 2021-Nov-10 00:00 14 18 03.64 -13 23 41.4
 2021-Nov-11 00:00 14 20 41.02 -13 37 27.8
 2021-Nov-12 00:00 14 23 18.85 -13 51 08.7
 2021-Nov-13 00:00 14 25 57.13 -14 04 43.9
 2021-Nov-14 00:00 14 28 35.86 -14 18 13.2
 2021-Nov-15 00:00 14 31 15.05 -14 31 36.6
 2021-Nov-16 00:00 14 33 54.71 -14 44 53.9
 2021-Nov-17 00:00 14 36 34.83 -14 58 05.0
 2021-Nov-18 00:00 14 39 15.44 -15 11 09.8
 2021-Nov-19 00:00 14 41 56.52 -15 24 08.2
 2021-Nov-20 00:00 14 44 38.09 -15 36 59.9
 2021-Nov-21 00:00 14 47 20.14 -15 49 45.0
 2021-Nov-22 00:00 14 50 02.70 -16 02 23.2
 2021-Nov-23 00:00 14 52 45.75 -16 14 54.4
 2021-Nov-24 00:00 14 55 29.31 -16 27 18.6
 2021-Nov-25 00:00 14 58 13.37 -16 39 35.5
 2021-Nov-26 00:00 15 00 57.94 -16 51 45.0
 2021-Nov-27 00:00 15 03 43.03 -17 03 47.0
 2021-Nov-28 00:00 15 06 28.63 -17 15 41.4
 2021-Nov-29 00:00 15 09 14.75 -17 27 28.0
 2021-Nov-30 00:00 15 12 01.38 -17 39 06.6
 2021-Dec-01 00:00 15 14 48.54 -17 50 37.2
 2021-Dec-02 00:00 15 17 36.21 -18 01 59.5
 2021-Dec-03 00:00 15 20 24.41 -18 13 13.5
 2021-Dec-04 00:00 15 23 13.11 -18 24 18.9
 2021-Dec-05 00:00 15 26 02.34 -18 35 15.6
 2021-Dec-06 00:00 15 28 52.08 -18 46 03.5
 2021-Dec-07 00:00 15 31 42.33 -18 56 42.4
 2021-Dec-08 00:00 15 34 33.09 -19 07 12.1
 2021-Dec-09 00:00 15 37 24.35 -19 17 32.6
 2021-Dec-10 00:00 15 40 16.13 -19 27 43.7
 2021-Dec-11 00:00 15 43 08.42 -19 37 45.2
 2021-Dec-12 00:00 15 46 01.21 -19 47 37.0
 2021-Dec-13 00:00 15 48 54.51 -19 57 19.0
 2021-Dec-14 00:00 15 51 48.31 -20 06 51.1
 2021-Dec-15 00:00 15 54 42.63 -20 16 13.0
 2021-Dec-16 00:00 15 57 37.44 -20 25 24.8
 2021-Dec-17 00:00 16 00 32.76 -20 34 26.2
 2021-Dec-18 00:00 16 03 28.59 -20 43 17.1
 2021-Dec-19 00:00 16 06 24.91 -20 51 57.5
 2021-Dec-20 00:00 16 09 21.74 -21 00 27.1
 2021-Dec-21 00:00 16 12 19.06 -21 08 45.9
 2021-Dec-22 00:00 16 15 16.88 -21 16 53.7
 2021-Dec-23 00:00 16 18 15.19 -21 24 50.4
 2021-Dec-24 00:00 16 21 13.99 -21 32 35.8
 2021-Dec-25 00:00 16 24 13.28 -21 40 10.0
 2021-Dec-26 00:00 16 27 13.05 -21 47 32.6
 2021-Dec-27 00:00 16 30 13.29 -21 54 43.6
 2021-Dec-28 00:00 16 33 14.00 -22 01 42.9
 2021-Dec-29 00:00 16 36 15.18 -22 08 30.4
 2021-Dec-30 00:00 16 39 16.81 -22 15 05.8
 2021-Dec-31 00:00 16 42 18.89 -22 21 29.2
 2022-Jan-01 00:00 16 45 21.41 -22 27 40.3
 2022-Jan-02 00:00 16 48 24.36 -22 33 39.0
 2022-Jan-03 00:00 16 51 27.72 -22 39 25.3
 2022-Jan-04 00:00 16 54 31.50 -22 44 59.0
 2022-Jan-05 00:00 16 57 35.68 -22 50 20.0
 2022-Jan-06 00:00 17 00 40.25 -22 55 28.2
 2022-Jan-07 00:00 17 03 45.20 -23 00 23.5
 2022-Jan-08 00:00 17 06 50.52 -23 05 05.7
 2022-Jan-09 00:00 17 09 56.20 -23 09 34.9
 2022-Jan-10 00:00 17 13 02.25 -23 13 50.9
 2022-Jan-11 00:00 17 16 08.63 -23 17 53.5
 2022-Jan-12 00:00 17 19 15.36 -23 21 42.9
 2022-Jan-13 00:00 17 22 22.42 -23 25 18.8
 2022-Jan-14 00:00 17 25 29.79 -23 28 41.1
 2022-Jan-15 00:00 17 28 37.49 -23 31 49.9
 2022-Jan-16 00:00 17 31 45.48 -23 34 45.0
 2022-Jan-17 00:00 17 34 53.77 -23 37 26.3
 2022-Jan-18 00:00 17 38 02.35 -23 39 53.9
 2022-Jan-19 00:00 17 41 11.20 -23 42 07.5
 2022-Jan-20 00:00 17 44 20.32 -23 44 07.3
 2022-Jan-21 00:00 17 47 29.69 -23 45 53.0
 2022-Jan-22 00:00 17 50 39.32 -23 47 24.7
 2022-Jan-23 00:00 17 53 49.17 -23 48 42.2
 2022-Jan-24 00:00 17 56 59.26 -23 49 45.6
 2022-Jan-25 00:00 18 00 09.55 -23 50 34.7
 2022-Jan-26 00:00 18 03 20.05 -23 51 09.6
 2022-Jan-27 00:00 18 06 30.73 -23 51 30.2
 2022-Jan-28 00:00 18 09 41.58 -23 51 36.4
 2022-Jan-29 00:00 18 12 52.59 -23 51 28.3
 2022-Jan-30 00:00 18 16 03.74 -23 51 05.7
 2022-Jan-31 00:00 18 19 15.03 -23 50 28.7
 2022-Feb-01 00:00 18 22 26.42 -23 49 37.2
 2022-Feb-02 00:00 18 25 37.91 -23 48 31.2
 2022-Feb-03 00:00 18 28 49.49 -23 47 10.7
 2022-Feb-04 00:00 18 32 01.13 -23 45 35.8
 2022-Feb-05 00:00 18 35 12.83 -23 43 46.3
 2022-Feb-06 00:00 18 38 24.57 -23 41 42.3
 2022-Feb-07 00:00 18 41 36.34 -23 39 23.9
 2022-Feb-08 00:00 18 44 48.13 -23 36 51.0
 2022-Feb-09 00:00 18 47 59.93 -23 34 03.6
 2022-Feb-10 00:00 18 51 11.72 -23 31 01.7
 2022-Feb-11 00:00 18 54 23.50 -23 27 45.5
 2022-Feb-12 00:00 18 57 35.25 -23 24 14.8
 2022-Feb-13 00:00 19 00 46.96 -23 20 29.8
 2022-Feb-14 00:00 19 03 58.63 -23 16 30.4
 2022-Feb-15 00:00 19 07 10.25 -23 12 16.8
 2022-Feb-16 00:00 19 10 21.79 -23 07 48.9
 2022-Feb-17 00:00 19 13 33.26 -23 03 06.7
 2022-Feb-18 00:00 19 16 44.65 -22 58 10.4
 2022-Feb-19 00:00 19 19 55.94 -22 52 59.9
 2022-Feb-20 00:00 19 23 07.12 -22 47 35.4
 2022-Feb-21 00:00 19 26 18.19 -22 41 56.8
 2022-Feb-22 00:00 19 29 29.14 -22 36 04.2
 2022-Feb-23 00:00 19 32 39.94 -22 29 57.8
 2022-Feb-24 00:00 19 35 50.60 -22 23 37.5
 2022-Feb-25 00:00 19 39 01.10 -22 17 03.4
 2022-Feb-26 00:00 19 42 11.43 -22 10 15.6
 2022-Feb-27 00:00 19 45 21.58 -22 03 14.2
 2022-Feb-28 00:00 19 48 31.52 -21 55 59.3
 2022-Mar-01 00:00 19 51 41.27 -21 48 30.9
 2022-Mar-02 00:00 19 54 50.79 -21 40 49.2
 2022-Mar-03 00:00 19 58 00.08 -21 32 54.3
 2022-Mar-04 00:00 20 01 09.13 -21 24 46.2
 2022-Mar-05 00:00 20 04 17.93 -21 16 25.1
 2022-Mar-06 00:00 20 07 26.47 -21 07 51.1
 2022-Mar-07 00:00 20 10 34.75 -20 59 04.3
 2022-Mar-08 00:00 20 13 42.75 -20 50 04.8
 2022-Mar-09 00:00 20 16 50.47 -20 40 52.7
 2022-Mar-10 00:00 20 19 57.90 -20 31 28.2
 2022-Mar-11 00:00 20 23 05.05 -20 21 51.3
 2022-Mar-12 00:00 20 26 11.89 -20 12 02.3
 2022-Mar-13 00:00 20 29 18.44 -20 02 01.1
 2022-Mar-14 00:00 20 32 24.68 -19 51 47.9
 2022-Mar-15 00:00 20 35 30.62 -19 41 23.0
 2022-Mar-16 00:00 20 38 36.24 -19 30 46.3
 2022-Mar-17 00:00 20 41 41.56 -19 19 58.0
 2022-Mar-18 00:00 20 44 46.55 -19 08 58.2
 2022-Mar-19 00:00 20 47 51.23 -18 57 47.1
 2022-Mar-20 00:00 20 50 55.59 -18 46 24.8
 2022-Mar-21 00:00 20 53 59.62 -18 34 51.4
 2022-Mar-22 00:00 20 57 03.33 -18 23 07.1
 2022-Mar-23 00:00 21 00 06.71 -18 11 12.0
 2022-Mar-24 00:00 21 03 09.76 -17 59 06.2
 2022-Mar-25 00:00 21 06 12.48 -17 46 50.0
 2022-Mar-26 00:00 21 09 14.86 -17 34 23.4
 2022-Mar-27 00:00 21 12 16.89 -17 21 46.6
 2022-Mar-28 00:00 21 15 18.58 -17 08 59.8
 2022-Mar-29 00:00 21 18 19.91 -16 56 03.1
 2022-Mar-30 00:00 21 21 20.89 -16 42 56.8
 2022-Mar-31 00:00 21 24 21.51 -16 29 40.9
 2022-Apr-01 00:00 21 27 21.77 -16 16 15.8
 2022-Apr-02 00:00 21 30 21.66 -16 02 41.5
 2022-Apr-03 00:00 21 33 21.19 -15 48 58.2
 2022-Apr-04 00:00 21 36 20.36 -15 35 06.0
 2022-Apr-05 00:00 21 39 19.15 -15 21 05.3
 2022-Apr-06 00:00 21 42 17.59 -15 06 56.1
 2022-Apr-07 00:00 21 45 15.66 -14 52 38.6
 2022-Apr-08 00:00 21 48 13.36 -14 38 13.0
 2022-Apr-09 00:00 21 51 10.71 -14 23 39.5
 2022-Apr-10 00:00 21 54 07.70 -14 08 58.1
 2022-Apr-11 00:00 21 57 04.34 -13 54 09.2
 2022-Apr-12 00:00 22 00 00.62 -13 39 12.8
 2022-Apr-13 00:00 22 02 56.57 -13 24 09.2
 2022-Apr-14 00:00 22 05 52.16 -13 08 58.4
 2022-Apr-15 00:00 22 08 47.42 -12 53 40.6
 2022-Apr-16 00:00 22 11 42.35 -12 38 16.1
 2022-Apr-17 00:00 22 14 36.95 -12 22 45.0
 2022-Apr-18 00:00 22 17 31.23 -12 07 07.4
 2022-Apr-19 00:00 22 20 25.19 -11 51 23.5
 2022-Apr-20 00:00 22 23 18.84 -11 35 33.4
 2022-Apr-21 00:00 22 26 12.17 -11 19 37.4
 2022-Apr-22 00:00 22 29 05.19 -11 03 35.6
 2022-Apr-23 00:00 22 31 57.91 -10 47 28.3
 2022-Apr-24 00:00 22 34 50.32 -10 31 15.5
 2022-Apr-25 00:00 22 37 42.42 -10 14 57.6
 2022-Apr-26 00:00 22 40 34.23 -09 58 34.6
 2022-Apr-27 00:00 22 43 25.73 -09 42 06.8
 2022-Apr-28 00:00 22 46 16.92 -09 25 34.4
 2022-Apr-29 00:00 22 49 07.82 -09 08 57.6
 2022-Apr-30 00:00 22 51 58.43 -08 52 16.6
 2022-May-01 00:00 22 54 48.74 -08 35 31.6
 2022-May-02 00:00 22 57 38.76 -08 18 42.8
 2022-May-03 00:00 23 00 28.49 -08 01 50.3
 2022-May-04 00:00 23 03 17.94 -07 44 54.4
 2022-May-05 00:00 23 06 07.11 -07 27 55.2
 2022-May-06 00:00 23 08 56.00 -07 10 52.9
 2022-May-07 00:00 23 11 44.63 -06 53 47.8
 2022-May-08 00:00 23 14 33.00 -06 36 39.9
 2022-May-09 00:00 23 17 21.11 -06 19 29.5
 2022-May-10 00:00 23 20 08.97 -06 02 16.8
 2022-May-11 00:00 23 22 56.58 -05 45 01.8
 2022-May-12 00:00 23 25 43.96 -05 27 44.8
 2022-May-13 00:00 23 28 31.10 -05 10 26.0
 2022-May-14 00:00 23 31 18.03 -04 53 05.4
 2022-May-15 00:00 23 34 04.74 -04 35 43.3
 2022-May-16 00:00 23 36 51.24 -04 18 19.8
 2022-May-17 00:00 23 39 37.54 -04 00 55.1
 2022-May-18 00:00 23 42 23.64 -03 43 29.4
 2022-May-19 00:00 23 45 09.55 -03 26 02.7
 2022-May-20 00:00 23 47 55.28 -03 08 35.3
 2022-May-21 00:00 23 50 40.83 -02 51 07.4
 2022-May-22 00:00 23 53 26.19 -02 33 39.2
 2022-May-23 00:00 23 56 11.38 -02 16 10.8
 2022-May-24 00:00 23 58 56.39 -01 58 42.5
 2022-May-25 00:00 00 01 41.23 -01 41 14.4
 2022-May-26 00:00 00 04 25.89 -01 23 46.8
 2022-May-27 00:00 00 07 10.39 -01 06 19.8
 2022-May-28 00:00 00 09 54.71 -00 48 53.6
 2022-May-29 00:00 00 12 38.87 -00 31 28.5
 2022-May-30 00:00 00 15 22.86 -00 14 04.5
 2022-May-31 00:00 00 18 06.69 +00 03 18.0
 2022-Jun-01 00:00 00 20 50.36 +00 20 39.0
 2022-Jun-02 00:00 00 23 33.88 +00 37 58.2
 2022-Jun-03 00:00 00 26 17.24 +00 55 15.6
 2022-Jun-04 00:00 00 29 00.45 +01 12 30.8
 2022-Jun-05 00:00 00 31 43.52 +01 29 43.7
 2022-Jun-06 00:00 00 34 26.44 +01 46 54.3
 2022-Jun-07 00:00 00 37 09.23 +02 04 02.2
 2022-Jun-08 00:00 00 39 51.88 +02 21 07.5
 2022-Jun-09 00:00 00 42 34.41 +02 38 09.8
 2022-Jun-10 00:00 00 45 16.81 +02 55 09.1
 2022-Jun-11 00:00 00 47 59.09 +03 12 05.3
 2022-Jun-12 00:00 00 50 41.27 +03 28 58.1
 2022-Jun-13 00:00 00 53 23.33 +03 45 47.5
 2022-Jun-14 00:00 00 56 05.29 +04 02 33.4
 2022-Jun-15 00:00 00 58 47.15 +04 19 15.5
 2022-Jun-16 00:00 01 01 28.92 +04 35 53.8
 2022-Jun-17 00:00 01 04 10.60 +04 52 28.1
 2022-Jun-18 00:00 01 06 52.18 +05 08 58.2
 2022-Jun-19 00:00 01 09 33.66 +05 25 23.9
 2022-Jun-20 00:00 01 12 15.06 +05 41 45.2
 2022-Jun-21 00:00 01 14 56.35 +05 58 01.8
 2022-Jun-22 00:00 01 17 37.55 +06 14 13.6
 2022-Jun-23 00:00 01 20 18.64 +06 30 20.4
 2022-Jun-24 00:00 01 22 59.63 +06 46 22.0
 2022-Jun-25 00:00 01 25 40.51 +07 02 18.3
 2022-Jun-26 00:00 01 28 21.28 +07 18 09.1
 2022-Jun-27 00:00 01 31 01.94 +07 33 54.2
 2022-Jun-28 00:00 01 33 42.48 +07 49 33.5
 2022-Jun-29 00:00 01 36 22.90 +08 05 06.8
 2022-Jun-30 00:00 01 39 03.20 +08 20 34.1
 2022-Jul-01 00:00 01 41 43.37 +08 35 55.1
 2022-Jul-02 00:00 01 44 23.41 +08 51 09.8
 2022-Jul-03 00:00 01 47 03.33 +09 06 17.9
 2022-Jul-04 00:00 01 49 43.11 +09 21 19.4
 2022-Jul-05 00:00 01 52 22.76 +09 36 14.2
 2022-Jul-06 00:00 01 55 02.27 +09 51 02.1
 2022-Jul-07 00:00 01 57 41.64 +10 05 43.1
 2022-Jul-08 00:00 02 00 20.88 +10 20 17.0
 2022-Jul-09 00:00 02 02 59.97 +10 34 43.8
 2022-Jul-10 00:00 02 05 38.92 +10 49 03.3
 2022-Jul-11 00:00 02 08 17.73 +11 03 15.5
 2022-Jul-12 00:00 02 10 56.39 +11 17 20.2
 2022-Jul-13 00:00 02 13 34.91 +11 31 17.5
 2022-Jul-14 00:00 02 16 13.28 +11 45 07.2
 2022-Jul-15 00:00 02 18 51.49 +11 58 49.2
 2022-Jul-16 00:00 02 21 29.55 +12 12 23.4
 2022-Jul-17 00:00 02 24 07.44 +12 25 49.8
 2022-Jul-18 00:00 02 26 45.15 +12 39 08.1
 2022-Jul-19 00:00 02 29 22.68 +12 52 18.4
 2022-Jul-20 00:00 02 32 00.00 +13 05 20.4
 2022-Jul-21 00:00 02 34 37.12 +13 18 14.1
 2022-Jul-22 00:00 02 37 14.02 +13 30 59.4
 2022-Jul-23 00:00 02 39 50.69 +13 43 36.1
 2022-Jul-24 00:00 02 42 27.11 +13 56 04.3
 2022-Jul-25 00:00 02 45 03.27 +14 08 23.7
 2022-Jul-26 00:00 02 47 39.16 +14 20 34.3
 2022-Jul-27 00:00 02 50 14.77 +14 32 36.0
 2022-Jul-28 00:00 02 52 50.08 +14 44 28.8
 2022-Jul-29 00:00 02 55 25.08 +14 56 12.6
 2022-Jul-30 00:00 02 57 59.76 +15 07 47.3
 2022-Jul-31 00:00 03 00 34.11 +15 19 12.9
 2022-Aug-01 00:00 03 03 08.10 +15 30 29.3
 2022-Aug-02 00:00 03 05 41.74 +15 41 36.5
 2022-Aug-03 00:00 03 08 15.00 +15 52 34.5
 2022-Aug-04 00:00 03 10 47.88 +16 03 23.2
 2022-Aug-05 00:00 03 13 20.36 +16 14 02.6
 2022-Aug-06 00:00 03 15 52.43 +16 24 32.7
 2022-Aug-07 00:00 03 18 24.08 +16 34 53.6
 2022-Aug-08 00:00 03 20 55.30 +16 45 05.1
 2022-Aug-09 00:00 03 23 26.08 +16 55 07.4
 2022-Aug-10 00:00 03 25 56.40 +17 05 00.4
 2022-Aug-11 00:00 03 28 26.26 +17 14 44.1
 2022-Aug-12 00:00 03 30 55.63 +17 24 18.6
 2022-Aug-13 00:00 03 33 24.51 +17 33 43.8
 2022-Aug-14 00:00 03 35 52.86 +17 42 59.8
 2022-Aug-15 00:00 03 38 20.69 +17 52 06.5
 2022-Aug-16 00:00 03 40 47.95 +18 01 03.8
 2022-Aug-17 00:00 03 43 14.63 +18 09 51.9
 2022-Aug-18 00:00 03 45 40.70 +18 18 30.8
 2022-Aug-19 00:00 03 48 06.14 +18 27 00.3
 2022-Aug-20 00:00 03 50 30.93 +18 35 20.6
 2022-Aug-21 00:00 03 52 55.03 +18 43 31.6
 2022-Aug-22 00:00 03 55 18.42 +18 51 33.3
 2022-Aug-23 00:00 03 57 41.08 +18 59 25.9
 2022-Aug-24 00:00 04 00 02.98 +19 07 09.3
 2022-Aug-25 00:00 04 02 24.09 +19 14 43.6
 2022-Aug-26 00:00 04 04 44.38 +19 22 08.8
 2022-Aug-27 00:00 04 07 03.82 +19 29 25.0
 2022-Aug-28 00:00 04 09 22.40 +19 36 32.3
 2022-Aug-29 00:00 04 11 40.08 +19 43 30.7
 2022-Aug-30 00:00 04 13 56.83 +19 50 20.3
 2022-Aug-31 00:00 04 16 12.63 +19 57 01.2
 2022-Sep-01 00:00 04 18 27.45 +20 03 33.5
 2022-Sep-02 00:00 04 20 41.27 +20 09 57.4
 2022-Sep-03 00:00 04 22 54.06 +20 16 12.9
 2022-Sep-04 00:00 04 25 05.80 +20 22 20.1
 2022-Sep-05 00:00 04 27 16.46 +20 28 19.2
 2022-Sep-06 00:00 04 29 26.01 +20 34 10.4
 2022-Sep-07 00:00 04 31 34.43 +20 39 53.7
 2022-Sep-08 00:00 04 33 41.70 +20 45 29.2
 2022-Sep-09 00:00 04 35 47.78 +20 50 57.2
 2022-Sep-10 00:00 04 37 52.64 +20 56 17.7
 2022-Sep-11 00:00 04 39 56.25 +21 01 30.9
 2022-Sep-12 00:00 04 41 58.57 +21 06 36.9
 2022-Sep-13 00:00 04 43 59.57 +21 11 35.8
 2022-Sep-14 00:00 04 45 59.20 +21 16 27.7
 2022-Sep-15 00:00 04 47 57.42 +21 21 12.8
 2022-Sep-16 00:00 04 49 54.20 +21 25 51.3
 2022-Sep-17 00:00 04 51 49.48 +21 30 23.2
 2022-Sep-18 00:00 04 53 43.22 +21 34 48.7
 2022-Sep-19 00:00 04 55 35.38 +21 39 08.0
 2022-Sep-20 00:00 04 57 25.91 +21 43 21.2
 2022-Sep-21 00:00 04 59 14.77 +21 47 28.5
 2022-Sep-22 00:00 05 01 01.90 +21 51 30.1
 2022-Sep-23 00:00 05 02 47.26 +21 55 26.2
 2022-Sep-24 00:00 05 04 30.81 +21 59 16.9
 2022-Sep-25 00:00 05 06 12.49 +22 03 02.4
 2022-Sep-26 00:00 05 07 52.26 +22 06 42.9
 2022-Sep-27 00:00 05 09 30.06 +22 10 18.7
 2022-Sep-28 00:00 05 11 05.86 +22 13 50.0
 2022-Sep-29 00:00 05 12 39.61 +22 17 16.8
 2022-Sep-30 00:00 05 14 11.25 +22 20 39.6
 2022-Oct-01 00:00 05 15 40.76 +22 23 58.5
 2022-Oct-02 00:00 05 17 08.07 +22 27 13.6
 2022-Oct-03 00:00 05 18 33.15 +22 30 25.3
 2022-Oct-04 00:00 05 19 55.96 +22 33 33.8
 2022-Oct-05 00:00 05 21 16.44 +22 36 39.3
 2022-Oct-06 00:00 05 22 34.55 +22 39 41.9
 2022-Oct-07 00:00 05 23 50.24 +22 42 41.9
 2022-Oct-08 00:00 05 25 03.46 +22 45 39.6
 2022-Oct-09 00:00 05 26 14.15 +22 48 35.0
 2022-Oct-10 00:00 05 27 22.26 +22 51 28.4
 2022-Oct-11 00:00 05 28 27.72 +22 54 19.9
 2022-Oct-12 00:00 05 29 30.47 +22 57 09.8
 2022-Oct-13 00:00 05 30 30.46 +22 59 58.2
 2022-Oct-14 00:00 05 31 27.61 +23 02 45.3
 2022-Oct-15 00:00 05 32 21.87 +23 05 31.2
 2022-Oct-16 00:00 05 33 13.16 +23 08 16.2
 2022-Oct-17 00:00 05 34 01.42 +23 11 00.3
 2022-Oct-18 00:00 05 34 46.59 +23 13 43.7
 2022-Oct-19 00:00 05 35 28.60 +23 16 26.5
 2022-Oct-20 00:00 05 36 07.38 +23 19 09.0
 2022-Oct-21 00:00 05 36 42.88 +23 21 51.1
 2022-Oct-22 00:00 05 37 15.03 +23 24 33.1
 2022-Oct-23 00:00 05 37 43.78 +23 27 15.0
 2022-Oct-24 00:00 05 38 09.06 +23 29 56.9
 2022-Oct-25 00:00 05 38 30.82 +23 32 38.9
 2022-Oct-26 00:00 05 38 49.02 +23 35 21.0
 2022-Oct-27 00:00 05 39 03.60 +23 38 03.4
 2022-Oct-28 00:00 05 39 14.53 +23 40 46.0
 2022-Oct-29 00:00 05 39 21.76 +23 43 28.9
 2022-Oct-30 00:00 05 39 25.27 +23 46 12.0
 2022-Oct-31 00:00 05 39 25.03 +23 48 55.4
 2022-Nov-01 00:00 05 39 21.01 +23 51 39.0
 2022-Nov-02 00:00 05 39 13.19 +23 54 22.7
 2022-Nov-03 00:00 05 39 01.55 +23 57 06.4
 2022-Nov-04 00:00 05 38 46.08 +23 59 50.1
 2022-Nov-05 00:00 05 38 26.75 +24 02 33.4
 2022-Nov-06 00:00 05 38 03.57 +24 05 16.3
 2022-Nov-07 00:00 05 37 36.52 +24 07 58.6
 2022-Nov-08 00:00 05 37 05.59 +24 10 40.0
 2022-Nov-09 00:00 05 36 30.80 +24 13 20.3
 2022-Nov-10 00:00 05 35 52.16 +24 15 59.2
 2022-Nov-11 00:00 05 35 09.66 +24 18 36.3
 2022-Nov-12 00:00 05 34 23.36 +24 21 11.5
 2022-Nov-13 00:00 05 33 33.26 +24 23 44.2
 2022-Nov-14 00:00 05 32 39.42 +24 26 14.3
 2022-Nov-15 00:00 05 31 41.89 +24 28 41.2
 2022-Nov-16 00:00 05 30 40.74 +24 31 04.7
 2022-Nov-17 00:00 05 29 36.02 +24 33 24.3
 2022-Nov-18 00:00 05 28 27.84 +24 35 39.7
 2022-Nov-19 00:00 05 27 16.29 +24 37 50.4
 2022-Nov-20 00:00 05 26 01.48 +24 39 56.0
 2022-Nov-21 00:00 05 24 43.53 +24 41 56.1
 2022-Nov-22 00:00 05 23 22.59 +24 43 50.5
 2022-Nov-23 00:00 05 21 58.79 +24 45 38.6
 2022-Nov-24 00:00 05 20 32.30 +24 47 20.2
 2022-Nov-25 00:00 05 19 03.31 +24 48 54.9
 2022-Nov-26 00:00 05 17 32.00 +24 50 22.5
 2022-Nov-27 00:00 05 15 58.57 +24 51 42.7
 2022-Nov-28 00:00 05 14 23.22 +24 52 55.2
 2022-Nov-29 00:00 05 12 46.17 +24 53 59.8
 2022-Nov-30 00:00 05 11 07.64 +24 54 56.4
 2022-Dec-01 00:00 05 09 27.84 +24 55 44.9
 2022-Dec-02 00:00 05 07 47.00 +24 56 25.1
 2022-Dec-03 00:00 05 06 05.35 +24 56 57.1
 2022-Dec-04 00:00 05 04 23.09 +24 57 20.7
 2022-Dec-05 00:00 05 02 40.47 +24 57 36.1
 2022-Dec-06 00:00 05 00 57.70 +24 57 43.3
 2022-Dec-07 00:00 04 59 15.01 +24 57 42.4
 2022-Dec-08 00:00 04 57 32.61 +24 57 33.6
 2022-Dec-09 00:00 04 55 50.72 +24 57 17.2
 2022-Dec-10 00:00 04 54 09.57 +24 56 53.3
 2022-Dec-11 00:00 04 52 29.35 +24 56 22.3
 2022-Dec-12 00:00 04 50 50.29 +24 55 44.5
 2022-Dec-13 00:00 04 49 12.58 +24 55 00.4
 2022-Dec-14 00:00 04 47 36.42 +24 54 10.2
 2022-Dec-15 00:00 04 46 02.01 +24 53 14.6
 2022-Dec-16 00:00 04 44 29.52 +24 52 14.0
 2022-Dec-17 00:00 04 42 59.14 +24 51 08.8
 2022-Dec-18 00:00 04 41 31.03 +24 49 59.6
 2022-Dec-19 00:00 04 40 05.36 +24 48 47.1
 2022-Dec-20 00:00 04 38 42.28 +24 47 31.6
 2022-Dec-21 00:00 04 37 21.94 +24 46 13.9
 2022-Dec-22 00:00 04 36 04.47 +24 44 54.4
 2022-Dec-23 00:00 04 34 50.01 +24 43 33.9
 2022-Dec-24 00:00 04 33 38.66 +24 42 12.8
 2022-Dec-25 00:00 04 32 30.54 +24 40 51.7
 2022-Dec-26 00:00 04 31 25.75 +24 39 31.3
 2022-Dec-27 00:00 04 30 24.34 +24 38 12.0
 2022-Dec-28 00:00 04 29 26.41 +24 36 54.2
 2022-Dec-29 00:00 04 28 31.99 +24 35 38.6
 2022-Dec-30 00:00 04 27 41.14 +24 34 25.4
 2022-Dec-31 00:00 04 26 53.87 +24 33 15.2
 2023-Jan-01 00:00 04 26 10.21 +24 32 08.1
 2023-Jan-02 00:00 04 25 30.18 +24 31 04.7
 2023-Jan-03 00:00 04 24 53.77 +24 30 05.1
 2023-Jan-04 00:00 04 24 20.98 +24 29 09.6
 2023-Jan-05 00:00 04 23 51.81 +24 28 18.5
 2023-Jan-06 00:00 04 23 26.23 +24 27 32.0
 2023-Jan-07 00:00 04 23 04.23 +24 26 50.3
 2023-Jan-08 00:00 04 22 45.79 +24 26 13.5
 2023-Jan-09 00:00 04 22 30.88 +24 25 41.8
 2023-Jan-10 00:00 04 22 19.46 +24 25 15.2
 2023-Jan-11 00:00 04 22 11.50 +24 24 53.9
 2023-Jan-12 00:00 04 22 06.98 +24 24 38.0
 2023-Jan-13 00:00 04 22 05.84 +24 24 27.4
 2023-Jan-14 00:00 04 22 08.05 +24 24 22.3
 2023-Jan-15 00:00 04 22 13.58 +24 24 22.6
 2023-Jan-16 00:00 04 22 22.38 +24 24 28.3
 2023-Jan-17 00:00 04 22 34.40 +24 24 39.5
 2023-Jan-18 00:00 04 22 49.61 +24 24 56.0
 2023-Jan-19 00:00 04 23 07.96 +24 25 17.9
 2023-Jan-20 00:00 04 23 29.41 +24 25 45.0
 2023-Jan-21 00:00 04 23 53.91 +24 26 17.4
 2023-Jan-22 00:00 04 24 21.43 +24 26 54.8
 2023-Jan-23 00:00 04 24 51.90 +24 27 37.3
 2023-Jan-24 00:00 04 25 25.29 +24 28 24.6
 2023-Jan-25 00:00 04 26 01.53 +24 29 16.6
 2023-Jan-26 00:00 04 26 40.57 +24 30 13.2
 2023-Jan-27 00:00 04 27 22.35 +24 31 14.1
 2023-Jan-28 00:00 04 28 06.82 +24 32 19.2
 2023-Jan-29 00:00 04 28 53.90 +24 33 28.2
 2023-Jan-30 00:00 04 29 43.55 +24 34 41.0
 2023-Jan-31 00:00 04 30 35.71 +24 35 57.3
 2023-Feb-01 00:00 04 31 30.31 +24 37 16.8
 2023-Feb-02 00:00 04 32 27.30 +24 38 39.4
 2023-Feb-03 00:00 04 33 26.62 +24 40 04.9
 2023-Feb-04 00:00 04 34 28.23 +24 41 33.0
 2023-Feb-05 00:00 04 35 32.06 +24 43 03.4
 2023-Feb-06 00:00 04 36 38.07 +24 44 36.0
 2023-Feb-07 00:00 04 37 46.20 +24 46 10.5
 2023-Feb-08 00:00 04 38 56.41 +24 47 46.8
 2023-Feb-09 00:00 04 40 08.66 +24 49 24.5
 2023-Feb-10 00:00 04 41 22.89 +24 51 03.5
 2023-Feb-11 00:00 04 42 39.06 +24 52 43.5
 2023-Feb-12 00:00 04 43 57.13 +24 54 24.4
 2023-Feb-13 00:00 04 45 17.07 +24 56 05.9
 2023-Feb-14 00:00 04 46 38.83 +24 57 47.8
 2023-Feb-15 00:00 04 48 02.38 +24 59 29.9
 2023-Feb-16 00:00 04 49 27.68 +25 01 12.1
 2023-Feb-17 00:00 04 50 54.70 +25 02 54.0
 2023-Feb-18 00:00 04 52 23.40 +25 04 35.6
 2023-Feb-19 00:00 04 53 53.76 +25 06 16.5
 2023-Feb-20 00:00 04 55 25.73 +25 07 56.7
 2023-Feb-21 00:00 04 56 59.29 +25 09 35.8
 2023-Feb-22 00:00 04 58 34.39 +25 11 13.8
 2023-Feb-23 00:00 05 00 11.01 +25 12 50.3
 2023-Feb-24 00:00 05 01 49.10 +25 14 25.1
 2023-Feb-25 00:00 05 03 28.62 +25 15 58.2
 2023-Feb-26 00:00 05 05 09.54 +25 17 29.1
 2023-Feb-27 00:00 05 06 51.83 +25 18 57.8
 2023-Feb-28 00:00 05 08 35.44 +25 20 24.0
 2023-Mar-01 00:00 05 10 20.34 +25 21 47.5
 2023-Mar-02 00:00 05 12 06.50 +25 23 08.1
 2023-Mar-03 00:00 05 13 53.88 +25 24 25.8
 2023-Mar-04 00:00 05 15 42.45 +25 25 40.1
 2023-Mar-05 00:00 05 17 32.18 +25 26 51.1
 2023-Mar-06 00:00 05 19 23.04 +25 27 58.5
 2023-Mar-07 00:00 05 21 15.00 +25 29 02.1
 2023-Mar-08 00:00 05 23 08.04 +25 30 01.9
 2023-Mar-09 00:00 05 25 02.11 +25 30 57.5
 2023-Mar-10 00:00 05 26 57.21 +25 31 49.0
 2023-Mar-11 00:00 05 28 53.31 +25 32 36.0
 2023-Mar-12 00:00 05 30 50.37 +25 33 18.5
 2023-Mar-13 00:00 05 32 48.39 +25 33 56.4
 2023-Mar-14 00:00 05 34 47.33 +25 34 29.5
 2023-Mar-15 00:00 05 36 47.19 +25 34 57.6
 2023-Mar-16 00:00 05 38 47.94 +25 35 20.7
 2023-Mar-17 00:00 05 40 49.56 +25 35 38.6
 2023-Mar-18 00:00 05 42 52.03 +25 35 51.2
 2023-Mar-19 00:00 05 44 55.34 +25 35 58.3
 2023-Mar-20 00:00 05 46 59.47 +25 35 59.8
 2023-Mar-21 00:00 05 49 04.39 +25 35 55.7
 2023-Mar-22 00:00 05 51 10.10 +25 35 45.7
 2023-Mar-23 00:00 05 53 16.56 +25 35 29.8
 2023-Mar-24 00:00 05 55 23.75 +25 35 07.8
 2023-Mar-25 00:00 05 57 31.66 +25 34 39.6
 2023-Mar-26 00:00 05 59 40.25 +25 34 05.2
 2023-Mar-27 00:00 06 01 49.51 +25 33 24.4
 2023-Mar-28 00:00 06 03 59.42 +25 32 37.0
 2023-Mar-29 00:00 06 06 09.95 +25 31 43.1
 2023-Mar-30 00:00 06 08 21.07 +25 30 42.4
 2023-Mar-31 00:00 06 10 32.78 +25 29 35.0
 2023-Apr-01 00:00 06 12 45.05 +25 28 20.7
 2023-Apr-02 00:00 06 14 57.85 +25 26 59.4
 2023-Apr-03 00:00 06 17 11.18 +25 25 31.2
 2023-Apr-04 00:00 06 19 25.01 +25 23 55.8
 2023-Apr-05 00:00 06 21 39.32 +25 22 13.2
 2023-Apr-06 00:00 06 23 54.11 +25 20 23.4
 2023-Apr-07 00:00 06 26 09.34 +25 18 26.3
 2023-Apr-08 00:00 06 28 25.01 +25 16 21.8
 2023-Apr-09 00:00 06 30 41.10 +25 14 09.9
 2023-Apr-10 00:00 06 32 57.60 +25 11 50.5
 2023-Apr-11 00:00 06 35 14.50 +25 09 23.6
 2023-Apr-12 00:00 06 37 31.78 +25 06 49.0
 2023-Apr-13 00:00 06 39 49.44 +25 04 06.9
 2023-Apr-14 00:00 06 42 07.46 +25 01 17.0
 2023-Apr-15 00:00 06 44 25.83 +24 58 19.4
 2023-Apr-16 00:00 06 46 44.55 +24 55 14.0
 2023-Apr-17 00:00 06 49 03.59 +24 52 00.8
 2023-Apr-18 00:00 06 51 22.96 +24 48 39.8
 2023-Apr-19 00:00 06 53 42.63 +24 45 10.7
 2023-Apr-20 00:00 06 56 02.59 +24 41 33.8
 2023-Apr-21 00:00 06 58 22.84 +24 37 48.8
 2023-Apr-22 00:00 07 00 43.35 +24 33 55.9
 2023-Apr-23 00:00 07 03 04.11 +24 29 54.9
 2023-Apr-24 00:00 07 05 25.11 +24 25 45.8
 2023-Apr-25 00:00 07 07 46.33 +24 21 28.6
 2023-Apr-26 00:00 07 10 07.75 +24 17 03.4
 2023-Apr-27 00:00 07 12 29.37 +24 12 30.0
 2023-Apr-28 00:00 07 14 51.18 +24 07 48.5
 2023-Apr-29 00:00 07 17 13.14 +24 02 58.8
 2023-Apr-30 00:00 07 19 35.26 +23 58 01.0
 2023-May-01 00:00 07 21 57.53 +23 52 55.1
 2023-May-02 00:00 07 24 19.92 +23 47 41.1
 2023-May-03 00:00 07 26 42.44 +23 42 18.9
 2023-May-04 00:00 07 29 05.06 +23 36 48.6
 2023-May-05 00:00 07 31 27.78 +23 31 10.2
 2023-May-06 00:00 07 33 50.59 +23 25 23.7
 2023-May-07 00:00 07 36 13.48 +23 19 29.0
 2023-May-08 00:00 07 38 36.45 +23 13 26.3
 2023-May-09 00:00 07 40 59.49 +23 07 15.5
 2023-May-10 00:00 07 43 22.58 +23 00 56.7
 2023-May-11 00:00 07 45 45.74 +22 54 29.7
 2023-May-12 00:00 07 48 08.94 +22 47 54.8
 2023-May-13 00:00 07 50 32.20 +22 41 11.8
 2023-May-14 00:00 07 52 55.50 +22 34 20.7
 2023-May-15 00:00 07 55 18.83 +22 27 21.7
 2023-May-16 00:00 07 57 42.20 +22 20 14.6
 2023-May-17 00:00 08 00 05.59 +22 12 59.5
 2023-May-18 00:00 08 02 29.00 +22 05 36.5