*semi-major-axis 1.52368055 float
*start-date 2022-08-01 string
 2022-Aug-01 00:00 03 03 08.10 +15 30 29.3
 2022-Aug-02 00:00 03 05 41.74 +15 41 36.5
 2022-Aug-03 00:00 03 08 15.00 +15 52 34.5
 2022-Aug-04 00:00 03 10 47.88 +16 03 23.2
 2022-Aug-05 00:00 03 13 20.36 +16 14 02.6
 2022-Aug-06 00:00 03 15 52.43 +16 24 32.7
 2022-Aug-07 00:00 03 18 24.08 +16 34 53.6
 2022-Aug-08 00:00 03 20 55.30 +16 45 05.1
 2022-Aug-09 00:00 03 23 26.08 +16 55 07.4
 2022-Aug-10 00:00 03 25 56.40 +17 05 00.4
 2022-Aug-11 00:00 03 28 26.26 +17 14 44.1
 2022-Aug-12 00:00 03 30 55.63 +17 24 18.6
 2022-Aug-13 00:00 03 33 24.51 +17 33 43.8
 2022-Aug-14 00:00 03 35 52.86 +17 42 59.8
 2022-Aug-15 00:00 03 38 20.69 +17 52 06.5
 2022-Aug-16 00:00 03 40 47.95 +18 01 03.8
 2022-Aug-17 00:00 03 43 14.63 +18 09 51.9
 2022-Aug-18 00:00 03 45 40.70 +18 18 30.8
 2022-Aug-19 00:00 03 48 06.14 +18 27 00.3
 2022-Aug-20 00:00 03 50 30.93 +18 35 20.6
 2022-Aug-21 00:00 03 52 55.03 +18 43 31.6
 2022-Aug-22 00:00 03 55 18.42 +18 51 33.3
 2022-Aug-23 00:00 03 57 41.08 +18 59 25.9
 2022-Aug-24 00:00 04 00 02.98 +19 07 09.3
 2022-Aug-25 00:00 04 02 24.09 +19 14 43.6
 2022-Aug-26 00:00 04 04 44.38 +19 22 08.8
 2022-Aug-27 00:00 04 07 03.82 +19 29 25.0
 2022-Aug-28 00:00 04 09 22.40 +19 36 32.3
 2022-Aug-29 00:00 04 11 40.08 +19 43 30.7
 2022-Aug-30 00:00 04 13 56.83 +19 50 20.3
 2022-Aug-31 00:00 04 16 12.63 +19 57 01.2
 2022-Sep-01 00:00 04 18 27.45 +20 03 33.5
 2022-Sep-02 00:00 04 20 41.27 +20 09 57.4
 2022-Sep-03 00:00 04 22 54.06 +20 16 12.9
 2022-Sep-04 00:00 04 25 05.80 +20 22 20.1
 2022-Sep-05 00:00 04 27 16.46 +20 28 19.2
 2022-Sep-06 00:00 04 29 26.01 +20 34 10.4
 2022-Sep-07 00:00 04 31 34.43 +20 39 53.7
 2022-Sep-08 00:00 04 33 41.70 +20 45 29.2
 2022-Sep-09 00:00 04 35 47.78 +20 50 57.2
 2022-Sep-10 00:00 04 37 52.64 +20 56 17.7
 2022-Sep-11 00:00 04 39 56.25 +21 01 30.9
 2022-Sep-12 00:00 04 41 58.57 +21 06 36.9
 2022-Sep-13 00:00 04 43 59.57 +21 11 35.8
 2022-Sep-14 00:00 04 45 59.20 +21 16 27.7
 2022-Sep-15 00:00 04 47 57.42 +21 21 12.8
 2022-Sep-16 00:00 04 49 54.20 +21 25 51.3
 2022-Sep-17 00:00 04 51 49.48 +21 30 23.2
 2022-Sep-18 00:00 04 53 43.22 +21 34 48.7
 2022-Sep-19 00:00 04 55 35.38 +21 39 08.0
 2022-Sep-20 00:00 04 57 25.91 +21 43 21.2
 2022-Sep-21 00:00 04 59 14.77 +21 47 28.5
 2022-Sep-22 00:00 05 01 01.90 +21 51 30.1
 2022-Sep-23 00:00 05 02 47.26 +21 55 26.2
 2022-Sep-24 00:00 05 04 30.81 +21 59 16.9
 2022-Sep-25 00:00 05 06 12.49 +22 03 02.4
 2022-Sep-26 00:00 05 07 52.26 +22 06 42.9
 2022-Sep-27 00:00 05 09 30.06 +22 10 18.7
 2022-Sep-28 00:00 05 11 05.86 +22 13 50.0
 2022-Sep-29 00:00 05 12 39.61 +22 17 16.8
 2022-Sep-30 00:00 05 14 11.25 +22 20 39.6
 2022-Oct-01 00:00 05 15 40.76 +22 23 58.5
 2022-Oct-02 00:00 05 17 08.07 +22 27 13.6
 2022-Oct-03 00:00 05 18 33.15 +22 30 25.3
 2022-Oct-04 00:00 05 19 55.96 +22 33 33.8
 2022-Oct-05 00:00 05 21 16.44 +22 36 39.3
 2022-Oct-06 00:00 05 22 34.55 +22 39 41.9
 2022-Oct-07 00:00 05 23 50.24 +22 42 41.9
 2022-Oct-08 00:00 05 25 03.46 +22 45 39.6
 2022-Oct-09 00:00 05 26 14.15 +22 48 35.0
 2022-Oct-10 00:00 05 27 22.26 +22 51 28.4
 2022-Oct-11 00:00 05 28 27.72 +22 54 19.9
 2022-Oct-12 00:00 05 29 30.47 +22 57 09.8
 2022-Oct-13 00:00 05 30 30.46 +22 59 58.2
 2022-Oct-14 00:00 05 31 27.61 +23 02 45.3
 2022-Oct-15 00:00 05 32 21.87 +23 05 31.2
 2022-Oct-16 00:00 05 33 13.16 +23 08 16.2
 2022-Oct-17 00:00 05 34 01.42 +23 11 00.3
 2022-Oct-18 00:00 05 34 46.59 +23 13 43.7
 2022-Oct-19 00:00 05 35 28.60 +23 16 26.5
 2022-Oct-20 00:00 05 36 07.38 +23 19 09.0
 2022-Oct-21 00:00 05 36 42.88 +23 21 51.1
 2022-Oct-22 00:00 05 37 15.03 +23 24 33.1
 2022-Oct-23 00:00 05 37 43.78 +23 27 15.0
 2022-Oct-24 00:00 05 38 09.06 +23 29 56.9
 2022-Oct-25 00:00 05 38 30.82 +23 32 38.9
 2022-Oct-26 00:00 05 38 49.02 +23 35 21.0
 2022-Oct-27 00:00 05 39 03.60 +23 38 03.4
 2022-Oct-28 00:00 05 39 14.53 +23 40 46.0
 2022-Oct-29 00:00 05 39 21.76 +23 43 28.9
 2022-Oct-30 00:00 05 39 25.27 +23 46 12.0
 2022-Oct-31 00:00 05 39 25.03 +23 48 55.4
 2022-Nov-01 00:00 05 39 21.01 +23 51 39.0
 2022-Nov-02 00:00 05 39 13.19 +23 54 22.7
 2022-Nov-03 00:00 05 39 01.55 +23 57 06.4
 2022-Nov-04 00:00 05 38 46.08 +23 59 50.1
 2022-Nov-05 00:00 05 38 26.75 +24 02 33.4
 2022-Nov-06 00:00 05 38 03.57 +24 05 16.3
 2022-Nov-07 00:00 05 37 36.52 +24 07 58.6
 2022-Nov-08 00:00 05 37 05.59 +24 10 40.0
 2022-Nov-09 00:00 05 36 30.80 +24 13 20.3
 2022-Nov-10 00:00 05 35 52.16 +24 15 59.2
 2022-Nov-11 00:00 05 35 09.66 +24 18 36.3
 2022-Nov-12 00:00 05 34 23.36 +24 21 11.5
 2022-Nov-13 00:00 05 33 33.26 +24 23 44.2
 2022-Nov-14 00:00 05 32 39.42 +24 26 14.3
 2022-Nov-15 00:00 05 31 41.89 +24 28 41.2
 2022-Nov-16 00:00 05 30 40.74 +24 31 04.7
 2022-Nov-17 00:00 05 29 36.02 +24 33 24.3
 2022-Nov-18 00:00 05 28 27.84 +24 35 39.7
 2022-Nov-19 00:00 05 27 16.29 +24 37 50.4
 2022-Nov-20 00:00 05 26 01.48 +24 39 56.0
 2022-Nov-21 00:00 05 24 43.53 +24 41 56.1
 2022-Nov-22 00:00 05 23 22.59 +24 43 50.5
 2022-Nov-23 00:00 05 21 58.79 +24 45 38.6
 2022-Nov-24 00:00 05 20 32.30 +24 47 20.2
 2022-Nov-25 00:00 05 19 03.31 +24 48 54.9
 2022-Nov-26 00:00 05 17 32.00 +24 50 22.5
 2022-Nov-27 00:00 05 15 58.57 +24 51 42.7
 2022-Nov-28 00:00 05 14 23.22 +24 52 55.2
 2022-Nov-29 00:00 05 12 46.17 +24 53 59.8
 2022-Nov-30 00:00 05 11 07.64 +24 54 56.4
 2022-Dec-01 00:00 05 09 27.84 +24 55 44.9
 2022-Dec-02 00:00 05 07 47.00 +24 56 25.1
 2022-Dec-03 00:00 05 06 05.35 +24 56 57.1
 2022-Dec-04 00:00 05 04 23.09 +24 57 20.7
 2022-Dec-05 00:00 05 02 40.47 +24 57 36.1
 2022-Dec-06 00:00 05 00 57.70 +24 57 43.3
 2022-Dec-07 00:00 04 59 15.01 +24 57 42.4
 2022-Dec-08 00:00 04 57 32.61 +24 57 33.6
 2022-Dec-09 00:00 04 55 50.72 +24 57 17.2
 2022-Dec-10 00:00 04 54 09.57 +24 56 53.3
 2022-Dec-11 00:00 04 52 29.35 +24 56 22.3
 2022-Dec-12 00:00 04 50 50.29 +24 55 44.5
 2022-Dec-13 00:00 04 49 12.58 +24 55 00.4
 2022-Dec-14 00:00 04 47 36.42 +24 54 10.2
 2022-Dec-15 00:00 04 46 02.01 +24 53 14.6
 2022-Dec-16 00:00 04 44 29.52 +24 52 14.0
 2022-Dec-17 00:00 04 42 59.14 +24 51 08.8
 2022-Dec-18 00:00 04 41 31.03 +24 49 59.6
 2022-Dec-19 00:00 04 40 05.36 +24 48 47.1
 2022-Dec-20 00:00 04 38 42.28 +24 47 31.6
 2022-Dec-21 00:00 04 37 21.94 +24 46 13.9
 2022-Dec-22 00:00 04 36 04.47 +24 44 54.4
 2022-Dec-23 00:00 04 34 50.01 +24 43 33.9
 2022-Dec-24 00:00 04 33 38.66 +24 42 12.8
 2022-Dec-25 00:00 04 32 30.54 +24 40 51.7
 2022-Dec-26 00:00 04 31 25.75 +24 39 31.3
 2022-Dec-27 00:00 04 30 24.34 +24 38 12.0
 2022-Dec-28 00:00 04 29 26.41 +24 36 54.2
 2022-Dec-29 00:00 04 28 31.99 +24 35 38.6
 2022-Dec-30 00:00 04 27 41.14 +24 34 25.4
 2022-Dec-31 00:00 04 26 53.87 +24 33 15.2
 2023-Jan-01 00:00 04 26 10.21 +24 32 08.1
 2023-Jan-02 00:00 04 25 30.18 +24 31 04.7
 2023-Jan-03 00:00 04 24 53.77 +24 30 05.1
 2023-Jan-04 00:00 04 24 20.98 +24 29 09.6
 2023-Jan-05 00:00 04 23 51.81 +24 28 18.5
 2023-Jan-06 00:00 04 23 26.23 +24 27 32.0
 2023-Jan-07 00:00 04 23 04.23 +24 26 50.3
 2023-Jan-08 00:00 04 22 45.79 +24 26 13.5
 2023-Jan-09 00:00 04 22 30.88 +24 25 41.8
 2023-Jan-10 00:00 04 22 19.46 +24 25 15.2
 2023-Jan-11 00:00 04 22 11.50 +24 24 53.9
 2023-Jan-12 00:00 04 22 06.98 +24 24 38.0
 2023-Jan-13 00:00 04 22 05.84 +24 24 27.4
 2023-Jan-14 00:00 04 22 08.05 +24 24 22.3
 2023-Jan-15 00:00 04 22 13.58 +24 24 22.6
 2023-Jan-16 00:00 04 22 22.38 +24 24 28.3
 2023-Jan-17 00:00 04 22 34.40 +24 24 39.5
 2023-Jan-18 00:00 04 22 49.61 +24 24 56.0
 2023-Jan-19 00:00 04 23 07.96 +24 25 17.9
 2023-Jan-20 00:00 04 23 29.41 +24 25 45.0
 2023-Jan-21 00:00 04 23 53.91 +24 26 17.4
 2023-Jan-22 00:00 04 24 21.43 +24 26 54.8
 2023-Jan-23 00:00 04 24 51.90 +24 27 37.3
 2023-Jan-24 00:00 04 25 25.29 +24 28 24.6
 2023-Jan-25 00:00 04 26 01.53 +24 29 16.6
 2023-Jan-26 00:00 04 26 40.57 +24 30 13.2
 2023-Jan-27 00:00 04 27 22.35 +24 31 14.1
 2023-Jan-28 00:00 04 28 06.82 +24 32 19.2
 2023-Jan-29 00:00 04 28 53.90 +24 33 28.2
 2023-Jan-30 00:00 04 29 43.55 +24 34 41.0
 2023-Jan-31 00:00 04 30 35.71 +24 35 57.3
 2023-Feb-01 00:00 04 31 30.31 +24 37 16.8
 2023-Feb-02 00:00 04 32 27.30 +24 38 39.4
 2023-Feb-03 00:00 04 33 26.62 +24 40 04.9
 2023-Feb-04 00:00 04 34 28.23 +24 41 33.0
 2023-Feb-05 00:00 04 35 32.06 +24 43 03.4
 2023-Feb-06 00:00 04 36 38.07 +24 44 36.0
 2023-Feb-07 00:00 04 37 46.20 +24 46 10.5
 2023-Feb-08 00:00 04 38 56.41 +24 47 46.8
 2023-Feb-09 00:00 04 40 08.66 +24 49 24.5
 2023-Feb-10 00:00 04 41 22.89 +24 51 03.5
 2023-Feb-11 00:00 04 42 39.06 +24 52 43.5
 2023-Feb-12 00:00 04 43 57.13 +24 54 24.4
 2023-Feb-13 00:00 04 45 17.07 +24 56 05.9
 2023-Feb-14 00:00 04 46 38.83 +24 57 47.8
 2023-Feb-15 00:00 04 48 02.38 +24 59 29.9
 2023-Feb-16 00:00 04 49 27.68 +25 01 12.1
 2023-Feb-17 00:00 04 50 54.70 +25 02 54.0
 2023-Feb-18 00:00 04 52 23.40 +25 04 35.6
 2023-Feb-19 00:00 04 53 53.76 +25 06 16.5
 2023-Feb-20 00:00 04 55 25.73 +25 07 56.7
 2023-Feb-21 00:00 04 56 59.29 +25 09 35.8
 2023-Feb-22 00:00 04 58 34.39 +25 11 13.8
 2023-Feb-23 00:00 05 00 11.01 +25 12 50.3
 2023-Feb-24 00:00 05 01 49.10 +25 14 25.1
 2023-Feb-25 00:00 05 03 28.62 +25 15 58.2
 2023-Feb-26 00:00 05 05 09.54 +25 17 29.1
 2023-Feb-27 00:00 05 06 51.83 +25 18 57.8
 2023-Feb-28 00:00 05 08 35.44 +25 20 24.0
 2023-Mar-01 00:00 05 10 20.34 +25 21 47.5
 2023-Mar-02 00:00 05 12 06.50 +25 23 08.1
 2023-Mar-03 00:00 05 13 53.88 +25 24 25.8
 2023-Mar-04 00:00 05 15 42.45 +25 25 40.1
 2023-Mar-05 00:00 05 17 32.18 +25 26 51.1
 2023-Mar-06 00:00 05 19 23.04 +25 27 58.5
 2023-Mar-07 00:00 05 21 15.00 +25 29 02.1
 2023-Mar-08 00:00 05 23 08.04 +25 30 01.9
 2023-Mar-09 00:00 05 25 02.11 +25 30 57.5
 2023-Mar-10 00:00 05 26 57.21 +25 31 49.0
 2023-Mar-11 00:00 05 28 53.31 +25 32 36.0
 2023-Mar-12 00:00 05 30 50.37 +25 33 18.5
 2023-Mar-13 00:00 05 32 48.39 +25 33 56.4
 2023-Mar-14 00:00 05 34 47.33 +25 34 29.5
 2023-Mar-15 00:00 05 36 47.19 +25 34 57.6
 2023-Mar-16 00:00 05 38 47.94 +25 35 20.7
 2023-Mar-17 00:00 05 40 49.56 +25 35 38.6
 2023-Mar-18 00:00 05 42 52.03 +25 35 51.2
 2023-Mar-19 00:00 05 44 55.34 +25 35 58.3
 2023-Mar-20 00:00 05 46 59.47 +25 35 59.8
 2023-Mar-21 00:00 05 49 04.39 +25 35 55.7
 2023-Mar-22 00:00 05 51 10.10 +25 35 45.7
 2023-Mar-23 00:00 05 53 16.56 +25 35 29.8
 2023-Mar-24 00:00 05 55 23.75 +25 35 07.8
 2023-Mar-25 00:00 05 57 31.66 +25 34 39.6
 2023-Mar-26 00:00 05 59 40.25 +25 34 05.2
 2023-Mar-27 00:00 06 01 49.51 +25 33 24.4
 2023-Mar-28 00:00 06 03 59.42 +25 32 37.0
 2023-Mar-29 00:00 06 06 09.95 +25 31 43.1
 2023-Mar-30 00:00 06 08 21.07 +25 30 42.4
 2023-Mar-31 00:00 06 10 32.78 +25 29 35.0
 2023-Apr-01 00:00 06 12 45.05 +25 28 20.7
 2023-Apr-02 00:00 06 14 57.85 +25 26 59.4
 2023-Apr-03 00:00 06 17 11.18 +25 25 31.2
 2023-Apr-04 00:00 06 19 25.01 +25 23 55.8
 2023-Apr-05 00:00 06 21 39.32 +25 22 13.2
 2023-Apr-06 00:00 06 23 54.11 +25 20 23.4
 2023-Apr-07 00:00 06 26 09.34 +25 18 26.3
 2023-Apr-08 00:00 06 28 25.01 +25 16 21.8
 2023-Apr-09 00:00 06 30 41.10 +25 14 09.9
 2023-Apr-10 00:00 06 32 57.60 +25 11 50.5
 2023-Apr-11 00:00 06 35 14.50 +25 09 23.6
 2023-Apr-12 00:00 06 37 31.78 +25 06 49.0
 2023-Apr-13 00:00 06 39 49.44 +25 04 06.9
 2023-Apr-14 00:00 06 42 07.46 +25 01 17.0
 2023-Apr-15 00:00 06 44 25.83 +24 58 19.4
 2023-Apr-16 00:00 06 46 44.55 +24 55 14.0
 2023-Apr-17 00:00 06 49 03.59 +24 52 00.8
 2023-Apr-18 00:00 06 51 22.96 +24 48 39.8
 2023-Apr-19 00:00 06 53 42.63 +24 45 10.7
 2023-Apr-20 00:00 06 56 02.59 +24 41 33.8
 2023-Apr-21 00:00 06 58 22.84 +24 37 48.8
 2023-Apr-22 00:00 07 00 43.35 +24 33 55.9
 2023-Apr-23 00:00 07 03 04.11 +24 29 54.9
 2023-Apr-24 00:00 07 05 25.11 +24 25 45.8
 2023-Apr-25 00:00 07 07 46.33 +24 21 28.6
 2023-Apr-26 00:00 07 10 07.75 +24 17 03.4
 2023-Apr-27 00:00 07 12 29.37 +24 12 30.0
 2023-Apr-28 00:00 07 14 51.18 +24 07 48.5
 2023-Apr-29 00:00 07 17 13.14 +24 02 58.8
 2023-Apr-30 00:00 07 19 35.26 +23 58 01.0
 2023-May-01 00:00 07 21 57.53 +23 52 55.1
 2023-May-02 00:00 07 24 19.92 +23 47 41.1
 2023-May-03 00:00 07 26 42.44 +23 42 18.9
 2023-May-04 00:00 07 29 05.06 +23 36 48.6
 2023-May-05 00:00 07 31 27.78 +23 31 10.2
 2023-May-06 00:00 07 33 50.59 +23 25 23.7
 2023-May-07 00:00 07 36 13.48 +23 19 29.0
 2023-May-08 00:00 07 38 36.45 +23 13 26.3
 2023-May-09 00:00 07 40 59.49 +23 07 15.5
 2023-May-10 00:00 07 43 22.58 +23 00 56.7
 2023-May-11 00:00 07 45 45.74 +22 54 29.7
 2023-May-12 00:00 07 48 08.94 +22 47 54.8
 2023-May-13 00:00 07 50 32.20 +22 41 11.8
 2023-May-14 00:00 07 52 55.50 +22 34 20.7
 2023-May-15 00:00 07 55 18.83 +22 27 21.7
 2023-May-16 00:00 07 57 42.20 +22 20 14.6
 2023-May-17 00:00 08 00 05.59 +22 12 59.5
 2023-May-18 00:00 08 02 29.00 +22 05 36.5
