*semi-major-axis 1.52368055 float
*start-date 2023-01-01 string
 2023-Jan-01 00:00 04 26 10.21 +24 32 08.1
 2023-Jan-02 00:00 04 25 30.18 +24 31 04.7
 2023-Jan-03 00:00 04 24 53.77 +24 30 05.1
 2023-Jan-04 00:00 04 24 20.98 +24 29 09.6
 2023-Jan-05 00:00 04 23 51.81 +24 28 18.5
 2023-Jan-06 00:00 04 23 26.23 +24 27 32.0
 2023-Jan-07 00:00 04 23 04.23 +24 26 50.3
 2023-Jan-08 00:00 04 22 45.79 +24 26 13.5
 2023-Jan-09 00:00 04 22 30.88 +24 25 41.8
 2023-Jan-10 00:00 04 22 19.46 +24 25 15.2
 2023-Jan-11 00:00 04 22 11.50 +24 24 53.9
 2023-Jan-12 00:00 04 22 06.98 +24 24 38.0
 2023-Jan-13 00:00 04 22 05.84 +24 24 27.4
 2023-Jan-14 00:00 04 22 08.05 +24 24 22.3
 2023-Jan-15 00:00 04 22 13.58 +24 24 22.6
 2023-Jan-16 00:00 04 22 22.38 +24 24 28.3
 2023-Jan-17 00:00 04 22 34.40 +24 24 39.5
 2023-Jan-18 00:00 04 22 49.61 +24 24 56.0
 2023-Jan-19 00:00 04 23 07.96 +24 25 17.9
 2023-Jan-20 00:00 04 23 29.41 +24 25 45.0
 2023-Jan-21 00:00 04 23 53.91 +24 26 17.4
 2023-Jan-22 00:00 04 24 21.43 +24 26 54.8
 2023-Jan-23 00:00 04 24 51.90 +24 27 37.3
 2023-Jan-24 00:00 04 25 25.29 +24 28 24.6
 2023-Jan-25 00:00 04 26 01.53 +24 29 16.6
 2023-Jan-26 00:00 04 26 40.57 +24 30 13.2
 2023-Jan-27 00:00 04 27 22.35 +24 31 14.1
 2023-Jan-28 00:00 04 28 06.82 +24 32 19.2
 2023-Jan-29 00:00 04 28 53.90 +24 33 28.2
 2023-Jan-30 00:00 04 29 43.55 +24 34 41.0
 2023-Jan-31 00:00 04 30 35.71 +24 35 57.3
 2023-Feb-01 00:00 04 31 30.31 +24 37 16.8
 2023-Feb-02 00:00 04 32 27.30 +24 38 39.4
 2023-Feb-03 00:00 04 33 26.62 +24 40 04.9
 2023-Feb-04 00:00 04 34 28.23 +24 41 33.0
 2023-Feb-05 00:00 04 35 32.06 +24 43 03.4
 2023-Feb-06 00:00 04 36 38.07 +24 44 36.0
 2023-Feb-07 00:00 04 37 46.20 +24 46 10.5
 2023-Feb-08 00:00 04 38 56.41 +24 47 46.8
 2023-Feb-09 00:00 04 40 08.66 +24 49 24.5
 2023-Feb-10 00:00 04 41 22.89 +24 51 03.5
 2023-Feb-11 00:00 04 42 39.06 +24 52 43.5
 2023-Feb-12 00:00 04 43 57.13 +24 54 24.4
 2023-Feb-13 00:00 04 45 17.07 +24 56 05.9
 2023-Feb-14 00:00 04 46 38.83 +24 57 47.8
 2023-Feb-15 00:00 04 48 02.38 +24 59 29.9
 2023-Feb-16 00:00 04 49 27.68 +25 01 12.1
 2023-Feb-17 00:00 04 50 54.70 +25 02 54.0
 2023-Feb-18 00:00 04 52 23.40 +25 04 35.6
 2023-Feb-19 00:00 04 53 53.76 +25 06 16.5
 2023-Feb-20 00:00 04 55 25.73 +25 07 56.7
 2023-Feb-21 00:00 04 56 59.29 +25 09 35.8
 2023-Feb-22 00:00 04 58 34.39 +25 11 13.8
 2023-Feb-23 00:00 05 00 11.01 +25 12 50.3
 2023-Feb-24 00:00 05 01 49.10 +25 14 25.1
 2023-Feb-25 00:00 05 03 28.62 +25 15 58.2
 2023-Feb-26 00:00 05 05 09.54 +25 17 29.1
 2023-Feb-27 00:00 05 06 51.83 +25 18 57.8
 2023-Feb-28 00:00 05 08 35.44 +25 20 24.0
 2023-Mar-01 00:00 05 10 20.34 +25 21 47.5
 2023-Mar-02 00:00 05 12 06.50 +25 23 08.1
 2023-Mar-03 00:00 05 13 53.88 +25 24 25.8
 2023-Mar-04 00:00 05 15 42.45 +25 25 40.1
 2023-Mar-05 00:00 05 17 32.18 +25 26 51.1
 2023-Mar-06 00:00 05 19 23.04 +25 27 58.5
 2023-Mar-07 00:00 05 21 15.00 +25 29 02.1
 2023-Mar-08 00:00 05 23 08.04 +25 30 01.9
 2023-Mar-09 00:00 05 25 02.11 +25 30 57.5
 2023-Mar-10 00:00 05 26 57.21 +25 31 49.0
 2023-Mar-11 00:00 05 28 53.31 +25 32 36.0
 2023-Mar-12 00:00 05 30 50.37 +25 33 18.5
 2023-Mar-13 00:00 05 32 48.39 +25 33 56.4
 2023-Mar-14 00:00 05 34 47.33 +25 34 29.5
 2023-Mar-15 00:00 05 36 47.19 +25 34 57.6
 2023-Mar-16 00:00 05 38 47.94 +25 35 20.7
 2023-Mar-17 00:00 05 40 49.56 +25 35 38.6
 2023-Mar-18 00:00 05 42 52.03 +25 35 51.2
 2023-Mar-19 00:00 05 44 55.34 +25 35 58.3
 2023-Mar-20 00:00 05 46 59.47 +25 35 59.8
 2023-Mar-21 00:00 05 49 04.39 +25 35 55.7
 2023-Mar-22 00:00 05 51 10.10 +25 35 45.7
 2023-Mar-23 00:00 05 53 16.56 +25 35 29.8
 2023-Mar-24 00:00 05 55 23.75 +25 35 07.8
 2023-Mar-25 00:00 05 57 31.66 +25 34 39.6
 2023-Mar-26 00:00 05 59 40.25 +25 34 05.2
 2023-Mar-27 00:00 06 01 49.51 +25 33 24.4
 2023-Mar-28 00:00 06 03 59.42 +25 32 37.0
 2023-Mar-29 00:00 06 06 09.95 +25 31 43.1
 2023-Mar-30 00:00 06 08 21.07 +25 30 42.4
 2023-Mar-31 00:00 06 10 32.78 +25 29 35.0
 2023-Apr-01 00:00 06 12 45.05 +25 28 20.7
 2023-Apr-02 00:00 06 14 57.85 +25 26 59.4
 2023-Apr-03 00:00 06 17 11.18 +25 25 31.2
 2023-Apr-04 00:00 06 19 25.01 +25 23 55.8
 2023-Apr-05 00:00 06 21 39.32 +25 22 13.2
 2023-Apr-06 00:00 06 23 54.11 +25 20 23.4
 2023-Apr-07 00:00 06 26 09.34 +25 18 26.3
 2023-Apr-08 00:00 06 28 25.01 +25 16 21.8
 2023-Apr-09 00:00 06 30 41.10 +25 14 09.9
 2023-Apr-10 00:00 06 32 57.60 +25 11 50.5
 2023-Apr-11 00:00 06 35 14.50 +25 09 23.6
 2023-Apr-12 00:00 06 37 31.78 +25 06 49.0
 2023-Apr-13 00:00 06 39 49.44 +25 04 06.9
 2023-Apr-14 00:00 06 42 07.46 +25 01 17.0
 2023-Apr-15 00:00 06 44 25.83 +24 58 19.4
 2023-Apr-16 00:00 06 46 44.55 +24 55 14.0
 2023-Apr-17 00:00 06 49 03.59 +24 52 00.8
 2023-Apr-18 00:00 06 51 22.96 +24 48 39.8
 2023-Apr-19 00:00 06 53 42.63 +24 45 10.7
 2023-Apr-20 00:00 06 56 02.59 +24 41 33.8
 2023-Apr-21 00:00 06 58 22.84 +24 37 48.8
 2023-Apr-22 00:00 07 00 43.35 +24 33 55.9
 2023-Apr-23 00:00 07 03 04.11 +24 29 54.9
 2023-Apr-24 00:00 07 05 25.11 +24 25 45.8
 2023-Apr-25 00:00 07 07 46.33 +24 21 28.6
 2023-Apr-26 00:00 07 10 07.75 +24 17 03.4
 2023-Apr-27 00:00 07 12 29.37 +24 12 30.0
 2023-Apr-28 00:00 07 14 51.18 +24 07 48.5
 2023-Apr-29 00:00 07 17 13.14 +24 02 58.8
 2023-Apr-30 00:00 07 19 35.26 +23 58 01.0
 2023-May-01 00:00 07 21 57.53 +23 52 55.1
 2023-May-02 00:00 07 24 19.92 +23 47 41.1
 2023-May-03 00:00 07 26 42.44 +23 42 18.9
 2023-May-04 00:00 07 29 05.06 +23 36 48.6
 2023-May-05 00:00 07 31 27.78 +23 31 10.2
 2023-May-06 00:00 07 33 50.59 +23 25 23.7
 2023-May-07 00:00 07 36 13.48 +23 19 29.0
 2023-May-08 00:00 07 38 36.45 +23 13 26.3
 2023-May-09 00:00 07 40 59.49 +23 07 15.5
 2023-May-10 00:00 07 43 22.58 +23 00 56.7
 2023-May-11 00:00 07 45 45.74 +22 54 29.7
 2023-May-12 00:00 07 48 08.94 +22 47 54.8
 2023-May-13 00:00 07 50 32.20 +22 41 11.8
 2023-May-14 00:00 07 52 55.50 +22 34 20.7
 2023-May-15 00:00 07 55 18.83 +22 27 21.7
 2023-May-16 00:00 07 57 42.20 +22 20 14.6
 2023-May-17 00:00 08 00 05.59 +22 12 59.5
 2023-May-18 00:00 08 02 29.00 +22 05 36.5