*semi-major-axis 19.19126 float
*start-date 2023-01-01 string
 2023-Jan-01 00:00 21 39 32.49 -15 18 58.6
 2023-Jan-02 00:00 21 39 56.05 -15 17 00.3
 2023-Jan-03 00:00 21 40 19.80 -15 15 00.8
 2023-Jan-04 00:00 21 40 43.75 -15 13 00.3
 2023-Jan-05 00:00 21 41 07.90 -15 10 58.8
 2023-Jan-06 00:00 21 41 32.23 -15 08 56.2
 2023-Jan-07 00:00 21 41 56.75 -15 06 52.6
 2023-Jan-08 00:00 21 42 21.44 -15 04 48.0
 2023-Jan-09 00:00 21 42 46.31 -15 02 42.5
 2023-Jan-10 00:00 21 43 11.35 -15 00 36.0
 2023-Jan-11 00:00 21 43 36.55 -14 58 28.5
 2023-Jan-12 00:00 21 44 01.91 -14 56 20.1
 2023-Jan-13 00:00 21 44 27.44 -14 54 10.9
 2023-Jan-14 00:00 21 44 53.11 -14 52 00.7
 2023-Jan-15 00:00 21 45 18.94 -14 49 49.7
 2023-Jan-16 00:00 21 45 44.91 -14 47 37.8
 2023-Jan-17 00:00 21 46 11.02 -14 45 25.1
 2023-Jan-18 00:00 21 46 37.27 -14 43 11.7
 2023-Jan-19 00:00 21 47 03.65 -14 40 57.4
 2023-Jan-20 00:00 21 47 30.15 -14 38 42.4
 2023-Jan-21 00:00 21 47 56.77 -14 36 26.6
 2023-Jan-22 00:00 21 48 23.52 -14 34 10.1
 2023-Jan-23 00:00 21 48 50.37 -14 31 53.0
 2023-Jan-24 00:00 21 49 17.33 -14 29 35.2
 2023-Jan-25 00:00 21 49 44.38 -14 27 16.7
 2023-Jan-26 00:00 21 50 11.54 -14 24 57.6
 2023-Jan-27 00:00 21 50 38.78 -14 22 38.0
 2023-Jan-28 00:00 21 51 06.11 -14 20 17.7
 2023-Jan-29 00:00 21 51 33.51 -14 17 57.0
 2023-Jan-30 00:00 21 52 01.00 -14 15 35.7
 2023-Jan-31 00:00 21 52 28.56 -14 13 13.9
 2023-Feb-01 00:00 21 52 56.18 -14 10 51.7
 2023-Feb-02 00:00 21 53 23.87 -14 08 29.0
 2023-Feb-03 00:00 21 53 51.61 -14 06 05.9
 2023-Feb-04 00:00 21 54 19.41 -14 03 42.4
 2023-Feb-05 00:00 21 54 47.26 -14 01 18.5
 2023-Feb-06 00:00 21 55 15.15 -13 58 54.3
 2023-Feb-07 00:00 21 55 43.09 -13 56 29.7
 2023-Feb-08 00:00 21 56 11.06 -13 54 04.9
 2023-Feb-09 00:00 21 56 39.06 -13 51 39.7
 2023-Feb-10 00:00 21 57 07.10 -13 49 14.2
 2023-Feb-11 00:00 21 57 35.15 -13 46 48.6
 2023-Feb-12 00:00 21 58 03.23 -13 44 22.7
 2023-Feb-13 00:00 21 58 31.32 -13 41 56.5
 2023-Feb-14 00:00 21 58 59.43 -13 39 30.2
 2023-Feb-15 00:00 21 59 27.54 -13 37 03.8
 2023-Feb-16 00:00 21 59 55.66 -13 34 37.2
 2023-Feb-17 00:00 22 00 23.77 -13 32 10.5
 2023-Feb-18 00:00 22 00 51.88 -13 29 43.7
 2023-Feb-19 00:00 22 01 19.98 -13 27 16.9
 2023-Feb-20 00:00 22 01 48.07 -13 24 50.0
 2023-Feb-21 00:00 22 02 16.13 -13 22 23.2
 2023-Feb-22 00:00 22 02 44.17 -13 19 56.4
 2023-Feb-23 00:00 22 03 12.17 -13 17 29.6
 2023-Feb-24 00:00 22 03 40.15 -13 15 02.9
 2023-Feb-25 00:00 22 04 08.08 -13 12 36.3
 2023-Feb-26 00:00 22 04 35.96 -13 10 09.9
 2023-Feb-27 00:00 22 05 03.80 -13 07 43.6
 2023-Feb-28 00:00 22 05 31.59 -13 05 17.5
 2023-Mar-01 00:00 22 05 59.31 -13 02 51.7
 2023-Mar-02 00:00 22 06 26.98 -13 00 26.0
 2023-Mar-03 00:00 22 06 54.58 -12 58 00.7
 2023-Mar-04 00:00 22 07 22.11 -12 55 35.6
 2023-Mar-05 00:00 22 07 49.57 -12 53 10.8
 2023-Mar-06 00:00 22 08 16.96 -12 50 46.4
 2023-Mar-07 00:00 22 08 44.26 -12 48 22.3
 2023-Mar-08 00:00 22 09 11.48 -12 45 58.6
 2023-Mar-09 00:00 22 09 38.61 -12 43 35.3
 2023-Mar-10 00:00 22 10 05.65 -12 41 12.4
 2023-Mar-11 00:00 22 10 32.60 -12 38 50.0
 2023-Mar-12 00:00 22 10 59.44 -12 36 28.0
 2023-Mar-13 00:00 22 11 26.18 -12 34 06.6
 2023-Mar-14 00:00 22 11 52.81 -12 31 45.6
 2023-Mar-15 00:00 22 12 19.33 -12 29 25.2
 2023-Mar-16 00:00 22 12 45.74 -12 27 05.4
 2023-Mar-17 00:00 22 13 12.03 -12 24 46.2
 2023-Mar-18 00:00 22 13 38.19 -12 22 27.6
 2023-Mar-19 00:00 22 14 04.22 -12 20 09.6
 2023-Mar-20 00:00 22 14 30.12 -12 17 52.4
 2023-Mar-21 00:00 22 14 55.88 -12 15 35.8
 2023-Mar-22 00:00 22 15 21.50 -12 13 20.0
 2023-Mar-23 00:00 22 15 46.98 -12 11 04.9
 2023-Mar-24 00:00 22 16 12.30 -12 08 50.7
 2023-Mar-25 00:00 22 16 37.47 -12 06 37.3
 2023-Mar-26 00:00 22 17 02.48 -12 04 24.7
 2023-Mar-27 00:00 22 17 27.32 -12 02 13.0
 2023-Mar-28 00:00 22 17 52.00 -12 00 02.2
 2023-Mar-29 00:00 22 18 16.51 -11 57 52.3
 2023-Mar-30 00:00 22 18 40.84 -11 55 43.4
 2023-Mar-31 00:00 22 19 05.00 -11 53 35.4
 2023-Apr-01 00:00 22 19 28.97 -11 51 28.4
 2023-Apr-02 00:00 22 19 52.76 -11 49 22.5
 2023-Apr-03 00:00 22 20 16.36 -11 47 17.6
 2023-Apr-04 00:00 22 20 39.77 -11 45 13.8
 2023-Apr-05 00:00 22 21 02.99 -11 43 11.0
 2023-Apr-06 00:00 22 21 26.00 -11 41 09.4
 2023-Apr-07 00:00 22 21 48.82 -11 39 08.9
 2023-Apr-08 00:00 22 22 11.43 -11 37 09.5
 2023-Apr-09 00:00 22 22 33.83 -11 35 11.3
 2023-Apr-10 00:00 22 22 56.02 -11 33 14.4
 2023-Apr-11 00:00 22 23 18.00 -11 31 18.6
 2023-Apr-12 00:00 22 23 39.75 -11 29 24.1
 2023-Apr-13 00:00 22 24 01.29 -11 27 30.9
 2023-Apr-14 00:00 22 24 22.59 -11 25 38.9
 2023-Apr-15 00:00 22 24 43.66 -11 23 48.3
 2023-Apr-16 00:00 22 25 04.50 -11 21 59.0
 2023-Apr-17 00:00 22 25 25.10 -11 20 11.2
 2023-Apr-18 00:00 22 25 45.46 -11 18 24.7
 2023-Apr-19 00:00 22 26 05.57 -11 16 39.6
 2023-Apr-20 00:00 22 26 25.42 -11 14 56.0
 2023-Apr-21 00:00 22 26 45.03 -11 13 13.9
 2023-Apr-22 00:00 22 27 04.37 -11 11 33.2
 2023-Apr-23 00:00 22 27 23.46 -11 09 54.2
 2023-Apr-24 00:00 22 27 42.28 -11 08 16.6
 2023-Apr-25 00:00 22 28 00.83 -11 06 40.7
 2023-Apr-26 00:00 22 28 19.11 -11 05 06.3
 2023-Apr-27 00:00 22 28 37.12 -11 03 33.5
 2023-Apr-28 00:00 22 28 54.84 -11 02 02.4
 2023-Apr-29 00:00 22 29 12.29 -11 00 33.0
 2023-Apr-30 00:00 22 29 29.46 -10 59 05.2
 2023-May-01 00:00 22 29 46.33 -10 57 39.1
 2023-May-02 00:00 22 30 02.92 -10 56 14.7
 2023-May-03 00:00 22 30 19.22 -10 54 52.1
 2023-May-04 00:00 22 30 35.22 -10 53 31.1
 2023-May-05 00:00 22 30 50.93 -10 52 12.0
 2023-May-06 00:00 22 31 06.34 -10 50 54.6
 2023-May-07 00:00 22 31 21.44 -10 49 39.0
 2023-May-08 00:00 22 31 36.24 -10 48 25.3
 2023-May-09 00:00 22 31 50.74 -10 47 13.4
 2023-May-10 00:00 22 32 04.92 -10 46 03.3
 2023-May-11 00:00 22 32 18.79 -10 44 55.1
 2023-May-12 00:00 22 32 32.34 -10 43 48.8
 2023-May-13 00:00 22 32 45.58 -10 42 44.4
 2023-May-14 00:00 22 32 58.49 -10 41 41.9
 2023-May-15 00:00 22 33 11.07 -10 40 41.4
 2023-May-16 00:00 22 33 23.32 -10 39 42.8
 2023-May-17 00:00 22 33 35.24 -10 38 46.3
 2023-May-18 00:00 22 33 46.83 -10 37 51.7