*semi-major-axis 30.07 float
*start-date 2023-01-01 string
 2023-Jan-01 00:00 23 34 31.70 -04 02 41.4
 2023-Jan-02 00:00 23 34 35.24 -04 02 16.6
 2023-Jan-03 00:00 23 34 38.89 -04 01 51.0
 2023-Jan-04 00:00 23 34 42.67 -04 01 24.7
 2023-Jan-05 00:00 23 34 46.56 -04 00 57.7
 2023-Jan-06 00:00 23 34 50.56 -04 00 30.0
 2023-Jan-07 00:00 23 34 54.68 -04 00 01.5
 2023-Jan-08 00:00 23 34 58.91 -03 59 32.3
 2023-Jan-09 00:00 23 35 03.26 -03 59 02.5
 2023-Jan-10 00:00 23 35 07.71 -03 58 31.9
 2023-Jan-11 00:00 23 35 12.27 -03 58 00.7
 2023-Jan-12 00:00 23 35 16.95 -03 57 28.8
 2023-Jan-13 00:00 23 35 21.73 -03 56 56.2
 2023-Jan-14 00:00 23 35 26.61 -03 56 22.9
 2023-Jan-15 00:00 23 35 31.61 -03 55 49.0
 2023-Jan-16 00:00 23 35 36.70 -03 55 14.4
 2023-Jan-17 00:00 23 35 41.90 -03 54 39.2
 2023-Jan-18 00:00 23 35 47.21 -03 54 03.4
 2023-Jan-19 00:00 23 35 52.61 -03 53 26.9
 2023-Jan-20 00:00 23 35 58.12 -03 52 49.8
 2023-Jan-21 00:00 23 36 03.72 -03 52 12.1
 2023-Jan-22 00:00 23 36 09.42 -03 51 33.8
 2023-Jan-23 00:00 23 36 15.21 -03 50 54.9
 2023-Jan-24 00:00 23 36 21.10 -03 50 15.5
 2023-Jan-25 00:00 23 36 27.08 -03 49 35.4
 2023-Jan-26 00:00 23 36 33.15 -03 48 54.8
 2023-Jan-27 00:00 23 36 39.31 -03 48 13.7
 2023-Jan-28 00:00 23 36 45.55 -03 47 32.0
 2023-Jan-29 00:00 23 36 51.89 -03 46 49.8
 2023-Jan-30 00:00 23 36 58.30 -03 46 07.1
 2023-Jan-31 00:00 23 37 04.80 -03 45 23.9
 2023-Feb-01 00:00 23 37 11.38 -03 44 40.3
 2023-Feb-02 00:00 23 37 18.04 -03 43 56.1
 2023-Feb-03 00:00 23 37 24.77 -03 43 11.5
 2023-Feb-04 00:00 23 37 31.58 -03 42 26.4
 2023-Feb-05 00:00 23 37 38.46 -03 41 40.8
 2023-Feb-06 00:00 23 37 45.42 -03 40 54.9
 2023-Feb-07 00:00 23 37 52.45 -03 40 08.5
 2023-Feb-08 00:00 23 37 59.54 -03 39 21.7
 2023-Feb-09 00:00 23 38 06.71 -03 38 34.5
 2023-Feb-10 00:00 23 38 13.94 -03 37 46.9
 2023-Feb-11 00:00 23 38 21.23 -03 36 58.9
 2023-Feb-12 00:00 23 38 28.59 -03 36 10.5
 2023-Feb-13 00:00 23 38 36.01 -03 35 21.8
 2023-Feb-14 00:00 23 38 43.49 -03 34 32.8
 2023-Feb-15 00:00 23 38 51.02 -03 33 43.4
 2023-Feb-16 00:00 23 38 58.61 -03 32 53.6
 2023-Feb-17 00:00 23 39 06.26 -03 32 03.6
 2023-Feb-18 00:00 23 39 13.96 -03 31 13.2
 2023-Feb-19 00:00 23 39 21.70 -03 30 22.6
 2023-Feb-20 00:00 23 39 29.50 -03 29 31.7
 2023-Feb-21 00:00 23 39 37.34 -03 28 40.5
 2023-Feb-22 00:00 23 39 45.23 -03 27 49.1
 2023-Feb-23 00:00 23 39 53.16 -03 26 57.4
 2023-Feb-24 00:00 23 40 01.13 -03 26 05.5
 2023-Feb-25 00:00 23 40 09.14 -03 25 13.4
 2023-Feb-26 00:00 23 40 17.18 -03 24 21.1
 2023-Feb-27 00:00 23 40 25.26 -03 23 28.7
 2023-Feb-28 00:00 23 40 33.37 -03 22 36.0
 2023-Mar-01 00:00 23 40 41.52 -03 21 43.2
 2023-Mar-02 00:00 23 40 49.69 -03 20 50.2
 2023-Mar-03 00:00 23 40 57.88 -03 19 57.1
 2023-Mar-04 00:00 23 41 06.11 -03 19 03.9
 2023-Mar-05 00:00 23 41 14.35 -03 18 10.6
 2023-Mar-06 00:00 23 41 22.62 -03 17 17.2
 2023-Mar-07 00:00 23 41 30.90 -03 16 23.6
 2023-Mar-08 00:00 23 41 39.21 -03 15 30.1
 2023-Mar-09 00:00 23 41 47.53 -03 14 36.4
 2023-Mar-10 00:00 23 41 55.86 -03 13 42.7
 2023-Mar-11 00:00 23 42 04.20 -03 12 49.0
 2023-Mar-12 00:00 23 42 12.56 -03 11 55.2
 2023-Mar-13 00:00 23 42 20.93 -03 11 01.4
 2023-Mar-14 00:00 23 42 29.30 -03 10 07.6
 2023-Mar-15 00:00 23 42 37.67 -03 09 13.8
 2023-Mar-16 00:00 23 42 46.05 -03 08 20.0
 2023-Mar-17 00:00 23 42 54.44 -03 07 26.2
 2023-Mar-18 00:00 23 43 02.82 -03 06 32.5
 2023-Mar-19 00:00 23 43 11.20 -03 05 38.9
 2023-Mar-20 00:00 23 43 19.57 -03 04 45.3
 2023-Mar-21 00:00 23 43 27.94 -03 03 51.8
 2023-Mar-22 00:00 23 43 36.30 -03 02 58.4
 2023-Mar-23 00:00 23 43 44.64 -03 02 05.0
 2023-Mar-24 00:00 23 43 52.98 -03 01 11.9
 2023-Mar-25 00:00 23 44 01.30 -03 00 18.8
 2023-Mar-26 00:00 23 44 09.60 -02 59 25.9
 2023-Mar-27 00:00 23 44 17.89 -02 58 33.2
 2023-Mar-28 00:00 23 44 26.15 -02 57 40.6
 2023-Mar-29 00:00 23 44 34.39 -02 56 48.2
 2023-Mar-30 00:00 23 44 42.61 -02 55 56.0
 2023-Mar-31 00:00 23 44 50.81 -02 55 04.0
 2023-Apr-01 00:00 23 44 58.97 -02 54 12.2
 2023-Apr-02 00:00 23 45 07.11 -02 53 20.7
 2023-Apr-03 00:00 23 45 15.21 -02 52 29.4
 2023-Apr-04 00:00 23 45 23.28 -02 51 38.3
 2023-Apr-05 00:00 23 45 31.32 -02 50 47.6
 2023-Apr-06 00:00 23 45 39.32 -02 49 57.0
 2023-Apr-07 00:00 23 45 47.29 -02 49 06.8
 2023-Apr-08 00:00 23 45 55.21 -02 48 16.8
 2023-Apr-09 00:00 23 46 03.10 -02 47 27.2
 2023-Apr-10 00:00 23 46 10.94 -02 46 37.9
 2023-Apr-11 00:00 23 46 18.73 -02 45 48.8
 2023-Apr-12 00:00 23 46 26.49 -02 45 00.2
 2023-Apr-13 00:00 23 46 34.19 -02 44 11.8
 2023-Apr-14 00:00 23 46 41.85 -02 43 23.8
 2023-Apr-15 00:00 23 46 49.45 -02 42 36.2
 2023-Apr-16 00:00 23 46 57.00 -02 41 49.0
 2023-Apr-17 00:00 23 47 04.50 -02 41 02.1
 2023-Apr-18 00:00 23 47 11.94 -02 40 15.6
 2023-Apr-19 00:00 23 47 19.33 -02 39 29.6
 2023-Apr-20 00:00 23 47 26.65 -02 38 43.9
 2023-Apr-21 00:00 23 47 33.91 -02 37 58.7
 2023-Apr-22 00:00 23 47 41.11 -02 37 14.0
 2023-Apr-23 00:00 23 47 48.25 -02 36 29.7
 2023-Apr-24 00:00 23 47 55.32 -02 35 45.9
 2023-Apr-25 00:00 23 48 02.32 -02 35 02.5
 2023-Apr-26 00:00 23 48 09.25 -02 34 19.6
 2023-Apr-27 00:00 23 48 16.11 -02 33 37.2
 2023-Apr-28 00:00 23 48 22.90 -02 32 55.3
 2023-Apr-29 00:00 23 48 29.61 -02 32 14.0
 2023-Apr-30 00:00 23 48 36.25 -02 31 33.1
 2023-May-01 00:00 23 48 42.81 -02 30 52.8
 2023-May-02 00:00 23 48 49.30 -02 30 13.0
 2023-May-03 00:00 23 48 55.71 -02 29 33.7
 2023-May-04 00:00 23 49 02.03 -02 28 55.0
 2023-May-05 00:00 23 49 08.28 -02 28 16.9
 2023-May-06 00:00 23 49 14.44 -02 27 39.3
 2023-May-07 00:00 23 49 20.52 -02 27 02.3
 2023-May-08 00:00 23 49 26.52 -02 26 25.9
 2023-May-09 00:00 23 49 32.43 -02 25 50.0
 2023-May-10 00:00 23 49 38.25 -02 25 14.8
 2023-May-11 00:00 23 49 43.98 -02 24 40.1
 2023-May-12 00:00 23 49 49.63 -02 24 06.1
 2023-May-13 00:00 23 49 55.18 -02 23 32.7
 2023-May-14 00:00 23 50 00.64 -02 22 59.9
 2023-May-15 00:00 23 50 06.00 -02 22 27.7
 2023-May-16 00:00 23 50 11.27 -02 21 56.2
 2023-May-17 00:00 23 50 16.45 -02 21 25.3
 2023-May-18 00:00 23 50 21.52 -02 20 55.1