*semi-major-axis 5.2038 float
*start-date 2023-01-01 string
 2023-Jan-01 00:00 00 05 15.64 -00 49 57.5
 2023-Jan-02 00:00 00 05 42.11 -00 46 49.3
 2023-Jan-03 00:00 00 06 09.16 -00 43 37.6
 2023-Jan-04 00:00 00 06 36.78 -00 40 22.2
 2023-Jan-05 00:00 00 07 04.97 -00 37 03.3
 2023-Jan-06 00:00 00 07 33.72 -00 33 40.9
 2023-Jan-07 00:00 00 08 03.03 -00 30 15.1
 2023-Jan-08 00:00 00 08 32.88 -00 26 45.9
 2023-Jan-09 00:00 00 09 03.27 -00 23 13.3
 2023-Jan-10 00:00 00 09 34.19 -00 19 37.5
 2023-Jan-11 00:00 00 10 05.64 -00 15 58.4
 2023-Jan-12 00:00 00 10 37.61 -00 12 16.0
 2023-Jan-13 00:00 00 11 10.09 -00 08 30.5
 2023-Jan-14 00:00 00 11 43.08 -00 04 41.9
 2023-Jan-15 00:00 00 12 16.57 -00 00 50.3
 2023-Jan-16 00:00 00 12 50.56 +00 03 04.4
 2023-Jan-17 00:00 00 13 25.03 +00 07 02.1
 2023-Jan-18 00:00 00 13 59.99 +00 11 02.7
 2023-Jan-19 00:00 00 14 35.42 +00 15 06.3
 2023-Jan-20 00:00 00 15 11.32 +00 19 12.7
 2023-Jan-21 00:00 00 15 47.69 +00 23 21.8
 2023-Jan-22 00:00 00 16 24.51 +00 27 33.8
 2023-Jan-23 00:00 00 17 01.78 +00 31 48.4
 2023-Jan-24 00:00 00 17 39.48 +00 36 05.7
 2023-Jan-25 00:00 00 18 17.62 +00 40 25.5
 2023-Jan-26 00:00 00 18 56.19 +00 44 47.9
 2023-Jan-27 00:00 00 19 35.17 +00 49 12.8
 2023-Jan-28 00:00 00 20 14.56 +00 53 40.1
 2023-Jan-29 00:00 00 20 54.36 +00 58 09.8
 2023-Jan-30 00:00 00 21 34.55 +01 02 41.8
 2023-Jan-31 00:00 00 22 15.13 +01 07 16.1
 2023-Feb-01 00:00 00 22 56.09 +01 11 52.5
 2023-Feb-02 00:00 00 23 37.43 +01 16 31.1
 2023-Feb-03 00:00 00 24 19.13 +01 21 11.9
 2023-Feb-04 00:00 00 25 01.20 +01 25 54.7
 2023-Feb-05 00:00 00 25 43.62 +01 30 39.5
 2023-Feb-06 00:00 00 26 26.39 +01 35 26.3
 2023-Feb-07 00:00 00 27 09.51 +01 40 15.0
 2023-Feb-08 00:00 00 27 52.96 +01 45 05.6
 2023-Feb-09 00:00 00 28 36.74 +01 49 58.0
 2023-Feb-10 00:00 00 29 20.86 +01 54 52.3
 2023-Feb-11 00:00 00 30 05.29 +01 59 48.3
 2023-Feb-12 00:00 00 30 50.04 +02 04 46.0
 2023-Feb-13 00:00 00 31 35.10 +02 09 45.4
 2023-Feb-14 00:00 00 32 20.47 +02 14 46.5
 2023-Feb-15 00:00 00 33 06.14 +02 19 49.1
 2023-Feb-16 00:00 00 33 52.10 +02 24 53.3
 2023-Feb-17 00:00 00 34 38.35 +02 29 59.0
 2023-Feb-18 00:00 00 35 24.89 +02 35 06.2
 2023-Feb-19 00:00 00 36 11.70 +02 40 14.9
 2023-Feb-20 00:00 00 36 58.79 +02 45 24.9
 2023-Feb-21 00:00 00 37 46.14 +02 50 36.2
 2023-Feb-22 00:00 00 38 33.75 +02 55 48.8
 2023-Feb-23 00:00 00 39 21.62 +03 01 02.7
 2023-Feb-24 00:00 00 40 09.73 +03 06 17.7
 2023-Feb-25 00:00 00 40 58.08 +03 11 33.8
 2023-Feb-26 00:00 00 41 46.66 +03 16 51.1
 2023-Feb-27 00:00 00 42 35.47 +03 22 09.3
 2023-Feb-28 00:00 00 43 24.51 +03 27 28.6
 2023-Mar-01 00:00 00 44 13.76 +03 32 48.8
 2023-Mar-02 00:00 00 45 03.22 +03 38 09.8
 2023-Mar-03 00:00 00 45 52.88 +03 43 31.8
 2023-Mar-04 00:00 00 46 42.75 +03 48 54.6
 2023-Mar-05 00:00 00 47 32.82 +03 54 18.1
 2023-Mar-06 00:00 00 48 23.08 +03 59 42.4
 2023-Mar-07 00:00 00 49 13.52 +04 05 07.4
 2023-Mar-08 00:00 00 50 04.15 +04 10 33.0
 2023-Mar-09 00:00 00 50 54.95 +04 15 59.3
 2023-Mar-10 00:00 00 51 45.92 +04 21 26.2
 2023-Mar-11 00:00 00 52 37.07 +04 26 53.6
 2023-Mar-12 00:00 00 53 28.38 +04 32 21.6
 2023-Mar-13 00:00 00 54 19.85 +04 37 50.0
 2023-Mar-14 00:00 00 55 11.48 +04 43 18.9
 2023-Mar-15 00:00 00 56 03.26 +04 48 48.2
 2023-Mar-16 00:00 00 56 55.19 +04 54 17.9
 2023-Mar-17 00:00 00 57 47.26 +04 59 48.0
 2023-Mar-18 00:00 00 58 39.47 +05 05 18.3
 2023-Mar-19 00:00 00 59 31.81 +05 10 49.0
 2023-Mar-20 00:00 01 00 24.29 +05 16 19.9
 2023-Mar-21 00:00 01 01 16.88 +05 21 50.9
 2023-Mar-22 00:00 01 02 09.60 +05 27 22.2
 2023-Mar-23 00:00 01 03 02.43 +05 32 53.5
 2023-Mar-24 00:00 01 03 55.36 +05 38 24.9
 2023-Mar-25 00:00 01 04 48.40 +05 43 56.3
 2023-Mar-26 00:00 01 05 41.54 +05 49 27.7
 2023-Mar-27 00:00 01 06 34.77 +05 54 59.0
 2023-Mar-28 00:00 01 07 28.09 +06 00 30.2
 2023-Mar-29 00:00 01 08 21.48 +06 06 01.3
 2023-Mar-30 00:00 01 09 14.96 +06 11 32.2
 2023-Mar-31 00:00 01 10 08.51 +06 17 02.9
 2023-Apr-01 00:00 01 11 02.12 +06 22 33.3
 2023-Apr-02 00:00 01 11 55.81 +06 28 03.5
 2023-Apr-03 00:00 01 12 49.55 +06 33 33.3
 2023-Apr-04 00:00 01 13 43.36 +06 39 02.9
 2023-Apr-05 00:00 01 14 37.21 +06 44 32.0
 2023-Apr-06 00:00 01 15 31.11 +06 50 00.8
 2023-Apr-07 00:00 01 16 25.06 +06 55 29.1
 2023-Apr-08 00:00 01 17 19.05 +07 00 56.9
 2023-Apr-09 00:00 01 18 13.09 +07 06 24.3
 2023-Apr-10 00:00 01 19 07.15 +07 11 51.2
 2023-Apr-11 00:00 01 20 01.25 +07 17 17.5
 2023-Apr-12 00:00 01 20 55.38 +07 22 43.3
 2023-Apr-13 00:00 01 21 49.53 +07 28 08.5
 2023-Apr-14 00:00 01 22 43.70 +07 33 33.0
 2023-Apr-15 00:00 01 23 37.88 +07 38 56.9
 2023-Apr-16 00:00 01 24 32.08 +07 44 20.2
 2023-Apr-17 00:00 01 25 26.28 +07 49 42.6
 2023-Apr-18 00:00 01 26 20.48 +07 55 04.4
 2023-Apr-19 00:00 01 27 14.68 +08 00 25.3
 2023-Apr-20 00:00 01 28 08.87 +08 05 45.4
 2023-Apr-21 00:00 01 29 03.05 +08 11 04.6
 2023-Apr-22 00:00 01 29 57.20 +08 16 22.9
 2023-Apr-23 00:00 01 30 51.34 +08 21 40.3
 2023-Apr-24 00:00 01 31 45.44 +08 26 56.7
 2023-Apr-25 00:00 01 32 39.52 +08 32 12.1
 2023-Apr-26 00:00 01 33 33.55 +08 37 26.5
 2023-Apr-27 00:00 01 34 27.54 +08 42 39.8
 2023-Apr-28 00:00 01 35 21.49 +08 47 52.0
 2023-Apr-29 00:00 01 36 15.38 +08 53 03.1
 2023-Apr-30 00:00 01 37 09.22 +08 58 13.0
 2023-May-01 00:00 01 38 03.00 +09 03 21.8
 2023-May-02 00:00 01 38 56.71 +09 08 29.4
 2023-May-03 00:00 01 39 50.36 +09 13 35.7
 2023-May-04 00:00 01 40 43.94 +09 18 40.8
 2023-May-05 00:00 01 41 37.44 +09 23 44.6
 2023-May-06 00:00 01 42 30.86 +09 28 47.1
 2023-May-07 00:00 01 43 24.21 +09 33 48.3
 2023-May-08 00:00 01 44 17.46 +09 38 48.2
 2023-May-09 00:00 01 45 10.63 +09 43 46.8
 2023-May-10 00:00 01 46 03.70 +09 48 43.9
 2023-May-11 00:00 01 46 56.68 +09 53 39.7
 2023-May-12 00:00 01 47 49.55 +09 58 34.0
 2023-May-13 00:00 01 48 42.31 +10 03 26.9
 2023-May-14 00:00 01 49 34.97 +10 08 18.3
 2023-May-15 00:00 01 50 27.51 +10 13 08.2
 2023-May-16 00:00 01 51 19.92 +10 17 56.6
 2023-May-17 00:00 01 52 12.21 +10 22 43.4
 2023-May-18 00:00 01 53 04.36 +10 27 28.6