*semi-major-axis 0.723332 float
*start-date 2023-01-01 string
 2023-Jan-01 00:00 19 57 37.65 -22 05 48.6
 2023-Jan-02 00:00 20 02 56.26 -21 52 02.7
 2023-Jan-03 00:00 20 08 13.74 -21 37 37.7
 2023-Jan-04 00:00 20 13 30.08 -21 22 34.2
 2023-Jan-05 00:00 20 18 45.22 -21 06 53.0
 2023-Jan-06 00:00 20 23 59.16 -20 50 34.5
 2023-Jan-07 00:00 20 29 11.86 -20 33 39.5
 2023-Jan-08 00:00 20 34 23.31 -20 16 08.6
 2023-Jan-09 00:00 20 39 33.49 -19 58 02.5
 2023-Jan-10 00:00 20 44 42.38 -19 39 21.8
 2023-Jan-11 00:00 20 49 49.98 -19 20 07.3
 2023-Jan-12 00:00 20 54 56.26 -19 00 19.7
 2023-Jan-13 00:00 21 00 01.23 -18 39 59.6
 2023-Jan-14 00:00 21 05 04.88 -18 19 07.8
 2023-Jan-15 00:00 21 10 07.21 -17 57 45.1
 2023-Jan-16 00:00 21 15 08.21 -17 35 52.1
 2023-Jan-17 00:00 21 20 07.90 -17 13 29.7
 2023-Jan-18 00:00 21 25 06.27 -16 50 38.6
 2023-Jan-19 00:00 21 30 03.34 -16 27 19.5
 2023-Jan-20 00:00 21 34 59.10 -16 03 33.2
 2023-Jan-21 00:00 21 39 53.57 -15 39 20.6
 2023-Jan-22 00:00 21 44 46.76 -15 14 42.4
 2023-Jan-23 00:00 21 49 38.68 -14 49 39.3
 2023-Jan-24 00:00 21 54 29.34 -14 24 12.3
 2023-Jan-25 00:00 21 59 18.76 -13 58 22.1
 2023-Jan-26 00:00 22 04 06.95 -13 32 09.6
 2023-Jan-27 00:00 22 08 53.94 -13 05 35.5
 2023-Jan-28 00:00 22 13 39.75 -12 38 40.6
 2023-Jan-29 00:00 22 18 24.39 -12 11 25.8
 2023-Jan-30 00:00 22 23 07.90 -11 43 51.8
 2023-Jan-31 00:00 22 27 50.31 -11 15 59.5
 2023-Feb-01 00:00 22 32 31.64 -10 47 49.7
 2023-Feb-02 00:00 22 37 11.92 -10 19 23.0
 2023-Feb-03 00:00 22 41 51.19 -09 50 40.4
 2023-Feb-04 00:00 22 46 29.48 -09 21 42.5
 2023-Feb-05 00:00 22 51 06.82 -08 52 30.2
 2023-Feb-06 00:00 22 55 43.26 -08 23 04.3
 2023-Feb-07 00:00 23 00 18.82 -07 53 25.4
 2023-Feb-08 00:00 23 04 53.54 -07 23 34.3
 2023-Feb-09 00:00 23 09 27.47 -06 53 31.9
 2023-Feb-10 00:00 23 14 00.64 -06 23 18.8
 2023-Feb-11 00:00 23 18 33.09 -05 52 55.8
 2023-Feb-12 00:00 23 23 04.86 -05 22 23.7
 2023-Feb-13 00:00 23 27 36.00 -04 51 43.1
 2023-Feb-14 00:00 23 32 06.54 -04 20 54.9
 2023-Feb-15 00:00 23 36 36.53 -03 49 59.7
 2023-Feb-16 00:00 23 41 06.00 -03 18 58.4
 2023-Feb-17 00:00 23 45 35.00 -02 47 51.5
 2023-Feb-18 00:00 23 50 03.57 -02 16 40.0
 2023-Feb-19 00:00 23 54 31.74 -01 45 24.4
 2023-Feb-20 00:00 23 58 59.56 -01 14 05.7
 2023-Feb-21 00:00 00 03 27.07 -00 42 44.5
 2023-Feb-22 00:00 00 07 54.29 -00 11 21.5
 2023-Feb-23 00:00 00 12 21.28 +00 20 02.3
 2023-Feb-24 00:00 00 16 48.07 +00 51 26.3
 2023-Feb-25 00:00 00 21 14.69 +01 22 49.8
 2023-Feb-26 00:00 00 25 41.18 +01 54 11.9
 2023-Feb-27 00:00 00 30 07.59 +02 25 32.0
 2023-Feb-28 00:00 00 34 33.95 +02 56 49.3
 2023-Mar-01 00:00 00 39 00.30 +03 28 03.0
 2023-Mar-02 00:00 00 43 26.69 +03 59 12.4
 2023-Mar-03 00:00 00 47 53.14 +04 30 16.8
 2023-Mar-04 00:00 00 52 19.70 +05 01 15.5
 2023-Mar-05 00:00 00 56 46.41 +05 32 07.8
 2023-Mar-06 00:00 01 01 13.30 +06 02 52.8
 2023-Mar-07 00:00 01 05 40.42 +06 33 30.0
 2023-Mar-08 00:00 01 10 07.80 +07 03 58.6
 2023-Mar-09 00:00 01 14 35.48 +07 34 17.8
 2023-Mar-10 00:00 01 19 03.49 +08 04 27.1
 2023-Mar-11 00:00 01 23 31.89 +08 34 25.6
 2023-Mar-12 00:00 01 28 00.69 +09 04 12.6
 2023-Mar-13 00:00 01 32 29.94 +09 33 47.6
 2023-Mar-14 00:00 01 36 59.67 +10 03 09.7
 2023-Mar-15 00:00 01 41 29.91 +10 32 18.2
 2023-Mar-16 00:00 01 46 00.70 +11 01 12.5
 2023-Mar-17 00:00 01 50 32.07 +11 29 51.9
 2023-Mar-18 00:00 01 55 04.05 +11 58 15.5
 2023-Mar-19 00:00 01 59 36.66 +12 26 22.8
 2023-Mar-20 00:00 02 04 09.93 +12 54 13.0
 2023-Mar-21 00:00 02 08 43.89 +13 21 45.3
 2023-Mar-22 00:00 02 13 18.55 +13 48 59.1
 2023-Mar-23 00:00 02 17 53.93 +14 15 53.5
 2023-Mar-24 00:00 02 22 30.05 +14 42 27.8
 2023-Mar-25 00:00 02 27 06.92 +15 08 41.4
 2023-Mar-26 00:00 02 31 44.56 +15 34 33.5
 2023-Mar-27 00:00 02 36 22.98 +16 00 03.3
 2023-Mar-28 00:00 02 41 02.18 +16 25 10.1
 2023-Mar-29 00:00 02 45 42.19 +16 49 53.3
 2023-Mar-30 00:00 02 50 22.99 +17 14 12.1
 2023-Mar-31 00:00 02 55 04.61 +17 38 05.9
 2023-Apr-01 00:00 02 59 47.04 +18 01 33.9
 2023-Apr-02 00:00 03 04 30.28 +18 24 35.5
 2023-Apr-03 00:00 03 09 14.34 +18 47 10.0
 2023-Apr-04 00:00 03 13 59.20 +19 09 16.7
 2023-Apr-05 00:00 03 18 44.88 +19 30 55.1
 2023-Apr-06 00:00 03 23 31.36 +19 52 04.4
 2023-Apr-07 00:00 03 28 18.63 +20 12 44.2
 2023-Apr-08 00:00 03 33 06.68 +20 32 53.6
 2023-Apr-09 00:00 03 37 55.51 +20 52 32.3
 2023-Apr-10 00:00 03 42 45.10 +21 11 39.5
 2023-Apr-11 00:00 03 47 35.42 +21 30 14.8
 2023-Apr-12 00:00 03 52 26.47 +21 48 17.5
 2023-Apr-13 00:00 03 57 18.23 +22 05 47.2
 2023-Apr-14 00:00 04 02 10.66 +22 22 43.2
 2023-Apr-15 00:00 04 07 03.74 +22 39 05.2
 2023-Apr-16 00:00 04 11 57.43 +22 54 52.5
 2023-Apr-17 00:00 04 16 51.72 +23 10 04.8
 2023-Apr-18 00:00 04 21 46.55 +23 24 41.4
 2023-Apr-19 00:00 04 26 41.88 +23 38 42.1
 2023-Apr-20 00:00 04 31 37.67 +23 52 06.3
 2023-Apr-21 00:00 04 36 33.87 +24 04 53.6
 2023-Apr-22 00:00 04 41 30.43 +24 17 03.7
 2023-Apr-23 00:00 04 46 27.28 +24 28 36.2
 2023-Apr-24 00:00 04 51 24.38 +24 39 30.6
 2023-Apr-25 00:00 04 56 21.65 +24 49 46.9
 2023-Apr-26 00:00 05 01 19.05 +24 59 24.5
 2023-Apr-27 00:00 05 06 16.49 +25 08 23.4
 2023-Apr-28 00:00 05 11 13.92 +25 16 43.2
 2023-Apr-29 00:00 05 16 11.28 +25 24 23.9
 2023-Apr-30 00:00 05 21 08.48 +25 31 25.2
 2023-May-01 00:00 05 26 05.46 +25 37 47.0
 2023-May-02 00:00 05 31 02.14 +25 43 29.3
 2023-May-03 00:00 05 35 58.46 +25 48 31.9
 2023-May-04 00:00 05 40 54.34 +25 52 54.9
 2023-May-05 00:00 05 45 49.70 +25 56 38.3
 2023-May-06 00:00 05 50 44.47 +25 59 42.1
 2023-May-07 00:00 05 55 38.59 +26 02 06.4
 2023-May-08 00:00 06 00 31.96 +26 03 51.3
 2023-May-09 00:00 06 05 24.53 +26 04 57.0
 2023-May-10 00:00 06 10 16.21 +26 05 23.5
 2023-May-11 00:00 06 15 06.94 +26 05 11.2
 2023-May-12 00:00 06 19 56.65 +26 04 20.2
 2023-May-13 00:00 06 24 45.25 +26 02 50.7
 2023-May-14 00:00 06 29 32.68 +26 00 43.2
 2023-May-15 00:00 06 34 18.85 +25 57 57.7
 2023-May-16 00:00 06 39 03.70 +25 54 34.8
 2023-May-17 00:00 06 43 47.15 +25 50 34.8
 2023-May-18 00:00 06 48 29.11 +25 45 58.0